aX,aY,aZ,gX,gY,gZ
-0.303,-0.280,2.004,-287.476,120.300,114.624
-0.453,0.022,1.340,-416.748,156.494,138.062
-0.550,0.478,0.797,-517.395,146.423,141.235
-0.853,2.211,0.731,-373.901,121.033,100.769
-1.178,3.312,0.591,-159.729,124.878,15.991
-1.461,3.949,-0.614,129.211,260.193,-257.935
-1.413,3.825,-2.724,287.842,244.873,-377.624
-0.923,1.408,-4.000,366.028,34.241,-450.561
-1.129,-0.208,-2.138,285.156,-304.138,-461.243
-1.185,-2.091,0.987,14.465,-627.380,-296.570
-0.727,-2.912,4.000,-43.518,-524.902,-132.080
-0.707,-1.447,4.000,2.258,-297.180,-11.047
-0.599,-0.906,3.726,47.180,148.865,-85.327
-0.327,-1.408,2.802,52.124,205.872,-110.657
0.102,-1.126,1.005,99.487,207.153,-65.002
0.166,-0.369,0.397,132.629,192.566,0.244
0.208,0.117,0.129,91.797,131.592,53.345
0.275,0.199,0.239,73.364,93.567,54.932
0.250,0.191,0.510,74.402,59.143,58.716
0.193,0.254,0.743,89.722,26.794,69.458
0.136,0.299,0.859,94.238,23.621,67.993
0.056,0.283,0.963,118.408,21.729,64.880
0.006,0.351,1.026,175.903,20.508,62.683
-0.046,0.511,1.059,291.199,23.315,52.490
-0.093,0.795,0.995,286.682,27.161,34.668
-0.078,0.761,0.944,267.883,30.090,9.644
-0.053,0.620,0.978,203.857,25.757,-36.682
-0.032,0.462,1.062,151.489,30.518,-52.246
-0.000,0.231,1.051,91.125,42.053,-63.049
0.007,0.202,1.006,31.311,53.894,-68.787
0.007,0.237,0.950,-64.331,70.435,-72.632
0.017,0.333,0.802,-104.553,72.632,-77.881
0.022,0.410,0.725,-126.221,70.923,-87.769
0.025,0.431,0.608,-48.340,62.317,-123.840
0.029,0.343,0.553,9.094,53.589,-137.207
0.004,0.248,0.604,61.890,48.279,-143.799
-0.011,0.191,0.546,105.896,48.279,-152.466
0.009,-0.035,0.419,163.818,36.621,-175.293
0.114,-0.708,0.411,184.692,19.226,-170.105
0.133,-0.765,0.537,204.041,4.639,-150.757
0.141,-0.690,0.584,167.114,4.578,-123.047
0.208,-0.805,0.400,107.788,7.812,-122.070
0.240,-0.898,0.330,44.617,5.005,-118.225
0.256,-0.946,0.313,-4.028,-1.648,-108.765
0.256,-0.902,0.343,-29.541,-16.541,-79.834
0.198,-0.613,0.451,-31.738,-22.583,-70.740
0.164,-0.532,0.500,-33.325,-28.687,-69.763
0.147,-0.529,0.528,-34.241,-44.739,-79.163
0.148,-0.706,0.631,-46.143,-53.772,-81.482
0.141,-0.779,0.708,-57.129,-60.120,-77.209
0.121,-0.762,0.758,-54.871,-62.927,-65.796
0.089,-0.660,0.777,-10.132,-66.528,-43.640
0.036,-0.460,0.721,13.306,-68.970,-43.518
0.043,-0.479,0.619,25.208,-70.801,-49.744
0.073,-0.600,0.479,11.719,-79.041,-62.500
0.092,-1.052,0.372,-0.793,-90.698,-58.105
0.023,-1.127,0.558,2.441,-106.934,-40.527
-0.067,-1.006,0.779,36.743,-124.939,3.235
-0.141,-0.812,0.920,28.198,-124.634,9.338
-0.177,-0.753,1.097,2.747,-120.361,5.676
-0.143,-0.928,1.097,-19.104,-111.328,2.441
-0.122,-1.059,1.038,-11.780,-95.947,26.245
-0.182,-0.985,1.019,10.315,-96.436,47.729
-0.237,-0.870,1.091,28.076,-99.854,66.406
-0.284,-0.803,1.202,25.635,-102.234,82.886
-0.313,-0.799,1.303,9.216,-95.886,84.961
-0.341,-0.886,1.355,-8.545,-85.632,87.952
-0.370,-0.901,1.375,-21.484,-74.951,94.910
-0.407,-0.861,1.406,-3.052,-51.147,118.835
-0.464,-0.588,1.388,16.296,-39.246,129.395
-0.485,-0.467,1.416,25.696,-31.433,132.935
-0.498,-0.459,1.490,15.747,-18.372,121.826
-0.502,-0.536,1.560,9.460,-6.531,118.530
-0.489,-0.608,1.536,5.981,7.874,120.239
-0.482,-0.528,1.489,7.019,21.729,124.817
0.034,-1.420,2.211,-217.957,29.114,116.333
-0.141,-1.149,2.440,-285.156,71.777,169.983
-0.296,-0.797,2.166,-496.399,198.059,229.065
-0.417,0.172,0.829,-579.407,233.948,225.037
-0.343,0.458,0.458,-620.239,236.755,191.650
-0.315,0.653,0.566,-596.130,218.079,106.079
-0.441,1.137,0.862,-482.544,263.489,82.031
-0.622,2.512,-1.157,-250.000,363.098,62.744
-0.099,3.373,-3.390,105.652,449.280,48.828
0.475,4.000,-4.000,795.166,64.880,-110.962
-0.504,2.812,-3.110,794.434,-310.730,-295.532
-1.285,-0.265,-0.995,655.579,-555.115,-450.684
-1.542,-3.404,1.464,605.957,-545.532,-322.266
-1.492,-4.000,3.520,591.370,-396.728,-88.684
-0.997,-3.145,3.985,407.471,-188.232,56.763
-0.506,-3.123,2.717,110.413,4.822,46.692
-0.082,-3.277,1.573,-97.351,120.117,54.016
0.073,-0.491,1.073,-7.751,101.501,143.860
0.073,0.661,0.962,72.998,88.806,180.542
0.107,0.917,0.787,78.308,69.397,116.638
0.103,0.840,0.771,49.988,52.612,96.191
-0.036,0.996,1.206,27.283,42.969,86.731
-0.089,1.098,1.343,7.446,46.326,73.853
-0.101,1.136,1.373,-35.767,77.026,33.142
-0.042,1.330,1.104,-46.753,97.595,10.620
0.008,1.328,0.849,-57.556,112.976,-19.531
0.047,1.195,0.707,-93.323,107.239,-88.074
0.065,1.097,0.696,-77.148,100.647,-109.802
0.086,1.308,0.407,2.075,97.473,-126.465
0.085,1.504,0.148,132.507,88.196,-148.010
0.048,1.552,0.086,331.238,43.640,-230.774
-0.157,1.151,0.322,325.256,32.715,-282.043
-0.280,0.713,0.276,259.277,33.813,-329.529
-0.334,0.047,0.088,120.544,31.250,-381.897
-0.269,-0.904,-0.205,90.820,9.277,-363.159
-0.050,-2.132,-0.038,96.619,-28.320,-301.636
-0.064,-1.781,0.408,140.442,-55.969,-218.994
-0.121,-1.127,0.655,266.663,-32.776,-124.939
-0.135,-0.230,0.580,274.414,-8.240,-135.193
-0.108,-0.235,0.437,238.159,11.658,-167.908
-0.055,-0.447,0.197,145.325,22.888,-224.243
0.021,-0.862,-0.099,110.535,1.953,-228.455
0.097,-1.685,-0.117,99.731,-32.227,-208.740
0.049,-1.540,0.191,116.028,-62.439,-169.861
-0.014,-1.121,0.458,183.533,-71.533,-116.089
-0.053,-0.703,0.579,196.838,-61.096,-121.521
-0.023,-0.797,0.379,187.012,-49.072,-135.803
0.013,-0.966,0.066,145.508,-47.180,-150.879
0.028,-1.156,-0.194,132.324,-67.505,-146.118
-0.062,-1.458,-0.239,127.502,-95.642,-133.057
-0.154,-1.440,-0.074,135.010,-122.559,-114.136
-0.240,-1.306,0.136,162.781,-151.489,-85.999
-0.294,-1.217,0.285,166.138,-149.231,-85.571
-0.267,-1.334,0.122,166.748,-141.724,-85.876
-0.246,-1.450,-0.068,172.363,-147.278,-72.449
-0.256,-1.542,-0.115,173.523,-161.438,-61.890
-0.341,-1.596,0.065,166.382,-171.997,-49.927
-0.386,-1.546,0.099,151.428,-176.453,-38.025
-0.424,-1.498,0.106,124.756,-178.406,-21.240
-0.471,-1.477,0.122,119.690,-178.467,-15.503
-0.491,-1.526,0.146,115.967,-177.612,-10.498
-0.510,-1.589,0.181,102.539,-168.762,6.042
-0.524,-1.629,0.167,93.079,-163.086,17.639
-0.561,-1.742,0.043,90.515,-162.109,31.494
-0.582,-1.677,0.049,97.717,-164.795,50.293
-0.600,-1.473,0.104,90.027,-169.922,70.068
-0.628,-1.430,0.384,71.289,-165.588,60.669
-0.613,-1.505,0.461,55.115,-150.818,56.030
-0.581,-1.516,0.509,13.916,-106.018,72.021
-0.543,-1.537,0.526,-11.841,-79.285,84.045
-0.469,-1.557,0.190,-29.663,-55.847,99.060
-0.460,-1.492,0.038,-40.466,-44.678,114.136
-0.477,-1.402,0.014,-11.414,-47.424,140.869
-0.481,-0.979,0.158,9.521,-49.805,151.306
-0.464,-0.853,0.308,3.967,-50.659,149.536
-0.174,-0.399,2.768,-206.543,131.470,138.062
-0.394,0.099,2.394,-222.534,205.139,170.593
-0.560,0.718,1.517,-272.705,305.115,170.166
-0.602,2.327,0.635,-351.440,295.288,118.286
-0.441,2.489,0.672,-409.485,284.302,18.921
-0.177,1.654,-0.208,-440.063,373.474,-136.475
0.275,0.757,-2.265,-476.868,374.390,-99.121
1.167,1.014,-4.000,-463.501,182.068,-40.527
0.548,1.383,-4.000,-331.238,-180.176,-7.996
-0.508,0.532,-3.011,99.854,-715.576,-19.836
-1.530,-2.530,3.119,160.217,-727.051,41.504
-1.754,-0.850,4.000,66.345,-567.078,180.847
-2.019,2.117,4.000,-458.252,-74.524,222.534
-1.963,3.260,4.000,-524.902,48.157,37.231
-0.665,0.120,3.479,-389.404,125.183,-102.417
-0.248,-0.112,2.196,-224.060,209.229,-106.506
-0.100,0.536,0.603,-135.010,268.433,-18.555
0.064,0.742,-0.718,-153.320,233.948,-23.376
0.093,0.814,-0.944,-158.813,202.209,-29.724
0.116,0.903,-1.284,-158.508,167.541,-35.095
0.171,0.818,-1.656,-177.612,143.188,-34.546
0.257,0.622,-2.023,-188.293,113.098,-28.015
0.244,0.623,-2.170,-175.232,83.374,-19.775
0.223,0.634,-2.333,-123.291,12.024,-5.920
0.179,0.510,-2.381,-114.624,-36.560,2.686
0.139,0.369,-2.186,-125.671,-90.271,15.381
0.066,0.307,-1.883,-205.444,-184.021,61.707
-0.025,0.360,-1.483,-233.276,-213.989,84.167
-0.190,0.452,-0.761,-250.305,-231.262,101.868
-0.243,0.475,-0.545,-269.836,-238.525,120.483
-0.261,0.532,-0.312,-268.921,-232.056,158.447
-0.233,0.791,0.130,-212.097,-210.510,164.062
-0.198,0.756,0.055,-127.319,-178.528,155.823
-0.151,0.552,-0.110,40.039,-134.888,140.076
-0.124,0.420,-0.136,71.289,-130.981,151.123
-0.139,0.772,0.392,73.486,-125.854,162.842
-0.141,0.979,0.578,64.331,-109.253,164.490
-0.122,1.047,0.527,43.884,-57.007,143.799
-0.062,0.892,0.107,34.241,-40.833,134.399
-0.039,0.832,0.013,28.320,-35.706,130.676
-0.018,0.806,0.026,24.048,-38.086,134.644
-0.002,0.829,0.138,25.269,-34.485,137.085
-0.045,1.075,0.414,25.269,-23.071,136.658
-0.083,1.187,0.400,15.747,-5.920,130.493
-0.104,1.154,0.225,-22.827,24.048,105.652
-0.106,0.927,-0.152,-43.518,26.794,99.182
-0.085,0.867,-0.109,-60.242,22.766,98.511
-0.060,0.847,0.026,-64.148,25.208,101.379
-0.052,0.850,0.119,-50.232,37.109,101.074
-0.107,0.893,0.035,-38.635,50.354,100.952
-0.151,0.948,-0.035,-33.752,60.364,101.135
-0.190,0.997,-0.072,-28.809,72.327,98.572
-0.252,1.057,-0.152,-26.123,77.026,95.703
-0.264,1.063,-0.121,-24.353,80.383,91.980
-0.280,1.065,-0.063,-18.311,91.919,84.106
-0.308,1.059,-0.046,-12.756,101.074,80.933
-0.418,1.144,-0.162,-7.568,108.887,78.186
-0.487,1.254,-0.210,-3.235,113.525,74.036
-0.541,1.339,-0.221,17.273,117.737,54.321
-0.579,1.252,-0.213,37.048,119.568,41.748
-0.599,1.178,-0.237,53.406,121.216,32.471
-0.633,1.166,-0.290,48.889,121.277,25.696
-0.676,1.207,-0.377,36.438,117.371,22.461
-0.737,1.324,-0.435,24.170,110.352,16.296
-0.750,1.326,-0.413,18.860,103.821,6.165
-0.768,1.273,-0.438,12.878,98.328,-13.245
-0.766,1.219,-0.523,2.014,94.177,-18.494
-0.759,1.223,-0.555,-9.094,89.172,-23.682
-0.763,1.269,-0.591,-11.047,78.003,-37.720
-0.755,1.268,-0.577,3.174,73.486,-47.363
-0.693,1.117,-0.561,13.123,70.557,-52.917
-0.662,1.109,-0.505,16.968,67.505,-54.199
-0.635,1.113,-0.428,36.865,67.017,-59.937
-0.581,1.036,-0.387,46.997,69.214,-63.904
-0.546,0.964,-0.384,49.744,69.031,-66.833
-0.003,1.238,2.221,28.076,160.767,14.954
-0.129,1.455,1.938,22.217,230.652,5.676
-0.182,1.370,1.382,-8.972,317.322,-46.509
-0.115,1.009,0.374,-71.106,317.566,-68.970
-0.057,1.056,-0.124,-137.085,304.443,-90.942
0.089,0.996,-0.818,-52.979,284.851,-145.325
0.539,0.307,-2.151,143.250,285.583,-135.010
1.432,-0.265,-4.000,318.420,201.782,-54.016
0.795,0.882,-4.000,311.218,-55.969,45.776
-0.289,0.850,-3.078,20.996,-664.246,61.218
-1.593,-1.743,3.355,-28.259,-697.998,101.929
-1.997,0.340,4.000,-49.561,-488.586,227.112
-2.084,2.847,4.000,-270.020,-2.625,157.776
-1.578,2.824,4.000,-436.523,28.442,-12.207
-0.272,0.587,2.462,-463.989,59.082,-81.787
-0.119,1.067,0.768,-343.384,128.235,-60.120
-0.054,1.523,-0.558,-130.798,170.715,-53.406
0.313,0.915,-1.963,-114.441,142.517,-74.707
0.387,0.722,-2.359,-121.643,98.877,-72.510
0.397,0.721,-2.401,-127.930,-16.235,-33.630
0.366,0.713,-2.255,-91.980,-61.218,-19.470
0.164,0.782,-2.079,-47.791,-101.807,-9.521
0.011,0.834,-1.876,-21.179,-147.705,-2.319
-0.117,0.775,-1.590,-36.804,-234.680,8.057
-0.234,0.501,-0.703,-62.622,-262.756,20.813
-0.300,0.573,-0.429,-73.120,-272.461,38.391
-0.377,0.633,-0.454,-18.372,-270.142,53.223
-0.418,0.492,-0.569,34.851,-283.813,55.786
-0.436,0.022,-0.448,99.304,-305.542,66.223
-0.435,-0.104,-0.113,182.617,-325.073,82.397
-0.405,-0.197,0.359,376.770,-323.181,107.910
-0.255,-0.152,1.699,421.875,-298.340,113.220
-0.175,-0.102,1.956,424.438,-253.052,112.000
-0.144,-0.072,1.656,364.380,-161.621,103.882
-0.168,0.008,1.114,304.321,-153.748,98.511
-0.180,-0.053,0.706,236.267,-166.992,89.233
-0.133,-0.282,1.047,172.180,-183.716,83.862
-0.102,-0.466,1.541,105.469,-163.025,115.906
-0.213,-0.379,1.709,90.576,-124.451,148.499
-0.340,-0.050,1.481,69.763,-88.379,180.969
-0.453,0.303,1.257,38.513,-53.345,203.369
-0.531,0.590,1.189,13.184,-52.917,193.542
-0.566,0.739,1.474,-24.231,-52.979,176.941
-0.550,0.628,1.668,-57.861,-45.410,161.743
-0.541,0.503,1.809,-76.538,1.282,153.198
-0.609,0.425,2.000,-73.303,36.011,159.607
-0.700,0.559,1.805,-59.509,76.721,169.922
-0.812,0.896,1.387,-31.250,130.554,181.152
-0.894,1.335,0.997,-39.612,125.610,165.100
-0.886,1.680,1.201,-61.768,110.901,134.644
-0.879,1.594,1.541,-83.862,106.750,102.051
-0.881,1.475,1.666,-84.595,155.884,57.556
-0.919,1.506,1.094,-67.444,187.805,45.837
-0.907,1.593,0.609,-51.331,205.566,34.546
-0.849,1.609,0.331,-48.584,180.908,1.892
-0.771,1.516,0.425,-44.006,163.574,-14.099
-0.717,1.327,1.065,-24.597,164.246,-24.658
-0.751,1.353,1.110,4.089,183.228,-30.884
-0.789,1.432,0.924,47.913,227.783,-45.227
-0.781,1.577,0.119,45.166,230.774,-57.861
-0.701,1.557,-0.227,28.748,212.524,-76.233
-0.597,1.422,-0.255,-9.033,136.230,-121.399
-0.505,1.188,0.019,-7.385,111.084,-134.888
-0.377,0.814,0.482,9.888,107.483,-136.475
-0.333,0.838,0.365,33.386,116.821,-129.395
-0.307,1.012,0.088,81.421,122.620,-121.216
-0.215,1.219,-0.633,93.445,102.966,-134.460
-0.093,0.977,-0.761,87.158,65.308,-156.860
0.011,0.571,-0.549,51.147,-20.874,-178.040
0.102,0.194,-0.123,55.176,-38.330,-162.415
0.222,-0.016,0.385,78.918,-34.668,-135.010
0.222,0.176,0.307,92.773,-24.963,-108.215
0.226,0.300,0.249,30.945,-32.410,-92.957
0.278,0.106,0.416,-3.723,-42.664,-96.252
0.326,-0.085,0.530,-19.836,-49.316,-94.727
-1.021,1.344,3.866,287.415,-237.366,307.678
-1.146,3.190,4.000,156.372,1.953,138.855
-1.325,4.000,4.000,52.551,193.604,-23.254
-1.491,2.926,3.139,-7.385,369.690,-170.898
-1.145,1.492,1.312,-40.588,475.952,-273.010
-0.627,0.041,-0.805,-24.658,395.386,-311.279
-0.030,-2.555,-2.271,38.635,260.986,-259.644
-0.041,-3.506,-1.698,128.540,138.977,-179.443
-0.122,-3.902,-0.980,245.300,43.335,-8.484
-0.143,-3.858,-0.730,277.161,53.162,59.998
0.213,-2.685,-1.979,342.712,52.490,128.662
0.419,-1.748,-2.218,409.119,7.874,191.589
0.462,-0.942,-1.659,411.560,-160.400,254.211
0.138,-0.103,0.155,373.718,-211.304,261.353
-0.055,-0.097,0.844,318.359,-222.900,262.085
-0.165,0.004,1.277,143.311,-177.734,245.361
-0.163,0.295,1.566,82.825,-158.020,186.951
-0.139,-0.575,2.408,67.200,-131.470,104.858
-0.092,-1.134,2.492,84.534,-80.383,66.406
-0.020,-0.892,2.412,113.403,24.353,120.300
0.047,-0.194,2.545,138.245,63.782,118.896
0.105,-0.189,2.382,167.847,102.356,97.717
0.194,-0.221,1.984,194.641,146.301,50.903
0.247,-0.207,1.631,208.801,146.301,23.499
0.195,-0.485,1.280,218.994,145.935,-2.380
0.155,-0.606,1.186,225.403,152.161,-14.404
0.154,-0.671,0.991,197.327,183.655,-13.000
0.199,-0.995,0.444,162.048,190.979,-12.207
0.201,-1.115,0.265,133.850,192.871,-4.028
0.226,-1.040,0.043,99.121,193.115,32.593
0.239,-0.838,-0.023,72.205,186.035,37.415
0.173,-0.539,0.184,34.851,184.570,29.114
0.131,-0.386,0.202,-0.427,189.941,14.282
0.084,-0.336,0.201,-3.662,206.787,-29.907
0.069,-0.506,-0.099,19.165,215.027,-48.035
0.091,-0.703,-0.278,32.471,216.125,-61.829
0.114,-0.919,-0.401,29.114,203.247,-66.467
0.123,-1.037,-0.437,29.297,196.228,-52.979
0.047,-0.772,-0.169,31.677,195.679,-34.363
0.005,-0.356,-0.114,27.100,205.383,-21.240
-0.022,0.060,-0.166,-0.061,236.206,-54.749
-0.032,0.389,-0.509,-15.198,244.629,-98.877
-0.041,0.269,-0.632,-26.794,242.371,-146.667
-0.048,0.101,-0.718,-22.034,219.299,-217.651
-0.070,-0.085,-0.746,-12.695,202.942,-239.929
-0.174,-0.372,-0.716,-7.019,189.514,-256.287
-0.227,-0.479,-0.762,-7.812,178.345,-269.897
-0.276,-0.502,-0.829,-16.113,156.128,-285.950
-0.360,-0.565,-1.141,-23.865,140.808,-295.349
-0.405,-0.701,-1.357,-31.738,121.033,-304.565
-0.454,-0.807,-1.586,-36.438,66.223,-306.213
-0.520,-0.898,-1.803,-35.217,27.405,-303.528
-0.694,-1.199,-2.060,-28.687,-16.663,-299.316
-0.766,-1.308,-2.077,-15.625,-61.279,-288.818
-0.829,-1.342,-1.980,5.920,-147.278,-252.258
-0.913,-1.346,-1.616,7.446,-183.655,-234.009
-0.955,-1.368,-1.425,-0.183,-215.027,-218.018
-1.005,-1.416,-1.254,-31.189,-251.831,-188.477
-1.040,-1.468,-1.143,-44.250,-258.667,-171.753
-1.081,-1.591,-1.015,-51.575,-265.381,-153.748
-1.098,-1.679,-0.897,-51.331,-272.644,-133.667
-1.107,-1.752,-0.794,-35.645,-280.334,-84.167
-1.122,-2.005,-0.524,-30.884,-282.104,-56.946
-1.102,-2.197,-0.424,-34.851,-281.311,-24.841
-1.087,-2.326,-0.334,-59.204,-273.132,56.519
-1.069,-2.390,-0.260,-80.994,-264.587,101.562
-1.081,-2.313,0.007,-108.521,-253.235,146.973
-1.112,-2.176,0.244,-121.948,-233.826,188.660
-1.106,-1.934,0.479,-66.772,-166.138,248.840
-0.913,-1.545,0.765,-42.236,-127.747,260.986
-0.773,-1.600,0.739,-41.443,-92.590,264.221
-0.673,-1.794,0.670,-72.998,-38.879,281.250
-0.648,-1.964,0.666,-90.454,-16.052,309.387
-0.764,-1.585,0.944,-110.596,10.864,342.590
-0.774,-1.080,0.973,-131.897,46.997,366.516
-0.217,-1.839,1.330,248.047,-67.017,303.162
-0.513,-0.327,2.061,304.138,-76.477,399.475
-0.584,2.190,2.771,187.683,-36.011,424.072
-0.434,4.000,2.768,-0.061,20.264,274.658
-0.724,4.000,1.693,-172.302,82.947,84.106
-0.978,3.630,0.563,-481.995,46.631,-343.933
-0.809,1.813,0.398,-580.444,-35.706,-465.881
0.271,-3.498,2.097,-610.535,-71.960,-426.270
0.463,-4.000,3.027,-632.996,-50.781,-257.019
0.352,-3.567,3.780,-651.794,86.914,75.378
-0.003,-1.140,3.717,-544.922,196.167,141.663
-0.082,-0.075,2.306,-389.221,312.317,149.048
-0.018,0.242,0.567,-263.733,347.778,67.017
0.140,0.112,-0.414,-308.594,272.034,51.270
-0.016,0.432,-0.364,-322.144,217.895,62.988
-0.410,1.402,-1.088,-269.104,213.501,78.613
-0.612,2.191,-2.313,-102.783,167.053,15.076
-1.017,2.859,-3.777,-159.485,61.340,-31.006
-1.115,2.751,-3.976,-274.536,-65.735,-86.731
-0.885,1.888,-3.422,-469.299,-364.990,-160.583
-0.603,1.125,-2.040,-552.795,-459.228,-117.920
-0.513,0.051,-1.689,-583.191,-474.121,-68.726
-0.609,-0.718,-2.095,-578.369,-487.427,-8.057
-0.722,-1.250,-1.854,-503.052,-573.303,184.570
-0.863,-1.760,0.109,-384.888,-571.106,284.424
-0.968,-1.640,1.074,-240.479,-516.296,374.817
-1.173,-0.932,1.692,-229.004,-335.571,530.029
-1.354,0.213,2.098,-365.601,-242.554,565.369
-1.404,1.888,2.338,-509.827,-139.160,556.213
-1.361,2.244,2.103,-648.682,-26.489,514.893
-1.281,2.493,1.848,-768.799,184.570,357.605
-1.025,2.176,1.392,-713.379,270.081,253.357
-0.953,2.051,1.085,-635.132,335.571,162.903
-0.981,1.894,0.777,-311.951,404.968,11.047
-1.404,1.004,0.332,-105.835,426.758,-44.617
-1.736,0.671,-0.046,32.288,451.782,-68.604
-2.048,0.720,-0.509,118.225,470.093,-39.978
-2.310,1.136,-1.047,140.747,446.716,-25.024
-2.594,2.084,-2.254,147.827,395.996,-26.428
-2.598,2.454,-2.502,125.488,318.176,-44.067
-2.564,2.704,-2.405,47.913,146.790,-146.729
-2.422,2.382,-1.694,30.640,82.764,-221.436
-2.325,1.969,-1.353,36.682,40.222,-287.109
-2.175,1.314,-1.109,74.402,12.695,-360.779
-1.941,0.510,-1.019,44.983,14.160,-348.572
-1.346,-0.191,-1.228,-5.676,9.277,-309.021
-1.134,0.022,-1.312,-49.133,-5.005,-264.832
-1.015,0.438,-1.271,-86.426,-43.701,-219.910
-0.998,1.125,-1.153,-85.205,-56.519,-231.750
-0.964,0.995,-1.088,-73.120,-67.627,-262.329
-0.900,0.612,-1.091,-57.068,-92.041,-309.021
-0.806,0.129,-1.208,-48.218,-109.070,-304.626
-0.510,-0.426,-1.261,-32.715,-130.676,-281.128
-0.377,-0.284,-1.060,-20.142,-149.841,-245.300
-0.276,-0.001,-0.740,-20.081,-155.334,-183.228
-0.146,0.229,-0.461,-10.559,-136.841,-170.044
-0.113,0.111,-0.631,17.883,-113.159,-161.255
-0.092,-0.040,-0.925,87.280,-91.492,-124.512
-0.067,-0.118,-1.124,105.835,-101.929,-94.238
-0.062,0.293,-0.889,107.178,-118.408,-62.012
-0.093,0.703,-0.595,113.647,-129.822,-40.527
-0.125,0.906,-0.487,165.833,-119.324,-52.856
-0.088,0.494,-0.783,188.171,-118.408,-65.247
0.014,0.186,-0.711,206.177,-132.080,-65.552
0.141,0.032,-0.404,243.103,-162.537,-31.921
0.238,0.070,-0.024,254.944,-160.828,-12.939
0.327,0.520,0.904,245.178,-145.508,0.122
0.319,0.782,0.990,209.290,-112.976,5.066
0.278,0.885,0.588,123.413,-51.025,-10.925
0.255,0.709,-0.021,94.360,-57.190,-20.508
0.300,0.609,0.162,70.923,-78.064,-23.254
0.363,0.546,0.448,35.156,-91.248,-8.423
0.410,0.549,0.682,26.611,-74.097,3.662
0.405,0.762,0.661,24.658,-48.584,13.489
0.378,0.837,0.439,27.588,-25.696,18.494
-0.359,1.353,2.241,-44.006,262.695,50.049
-0.618,1.374,0.836,-69.397,357.422,30.640
-0.655,1.193,-0.624,-182.129,339.722,-28.015
-0.431,1.331,-1.262,-287.781,240.662,-49.194
-0.516,2.018,-1.361,-386.230,161.316,-73.853
-0.561,2.154,-1.957,-384.766,122.009,-215.332
-0.244,0.770,-3.035,-295.227,104.004,-266.235
1.078,-3.240,-4.000,-169.495,11.169,-208.557
0.955,-3.099,-3.963,-28.931,-165.771,-45.959
0.155,-1.768,-2.331,215.820,-448.730,256.226
-1.199,2.086,3.832,320.740,-411.011,292.053
-1.326,3.777,4.000,378.296,-243.591,242.187
-1.138,3.989,4.000,195.618,78.064,-38.940
-0.650,2.728,4.000,89.600,132.690,-142.151
0.211,0.082,2.858,114.502,204.895,-160.217
0.219,0.215,1.087,221.802,299.133,-115.417
0.161,0.667,-0.488,366.150,324.951,-60.059
0.117,0.698,-1.226,359.985,276.367,-59.692
0.024,0.994,-1.299,327.209,241.577,-39.856
-0.097,1.507,-1.730,350.647,210.571,8.728
-0.121,2.101,-2.410,283.691,163.818,11.475
-0.031,2.675,-3.215,110.168,66.284,-11.169
-0.185,2.652,-2.795,-60.181,-62.805,-54.260
-0.368,2.551,-2.360,-137.512,-243.713,-162.659
-0.629,1.588,-1.950,-116.089,-303.345,-205.078
-0.728,1.050,-1.716,-66.406,-359.924,-220.886
-0.866,0.741,-1.420,84.106,-457.275,-199.524
-1.045,0.584,-1.046,127.747,-496.582,-192.383
-1.351,-0.106,-0.062,129.761,-527.893,-189.392
-1.372,-0.645,0.507,100.830,-546.509,-176.636
-1.336,-0.952,1.061,-17.334,-540.649,-92.041
-1.174,-0.785,1.579,-44.128,-513.794,-45.044
-1.046,-0.818,1.488,-34.180,-479.065,-11.169
-0.927,-0.901,1.458,-24.109,-428.711,53.955
-0.829,-0.914,1.595,-42.847,-402.405,96.375
-0.743,-0.413,1.664,-56.396,-366.638,139.221
-0.763,-0.044,1.536,-61.829,-329.224,169.983
-0.801,0.169,1.413,-80.078,-273.987,184.265
-0.849,0.062,1.745,-102.905,-252.502,182.434
-0.848,-0.186,2.180,-121.216,-222.290,185.364
-0.867,-0.426,2.548,-109.253,-108.459,231.689
-0.940,-0.571,2.654,-77.576,-34.058,273.132
-1.232,-0.538,2.062,-37.842,34.607,317.749
-1.401,-0.392,1.595,-1.526,86.060,360.596
-1.555,-0.149,1.269,39.001,124.512,424.011
-1.784,0.598,1.399,35.095,127.319,435.791
-1.834,1.054,1.481,7.507,135.925,430.359
-1.828,1.496,1.404,-86.243,167.480,358.459
-1.759,1.846,1.253,-111.633,180.908,293.091
-1.513,1.816,1.010,-125.305,191.040,219.177
-1.422,1.598,0.995,-139.648,198.364,152.222
-1.363,1.395,0.998,-120.605,220.581,59.814
-1.286,1.256,0.848,-75.684,235.291,31.799
-1.226,1.206,0.758,-13.916,247.375,9.460
-1.144,1.113,0.726,47.180,256.104,-18.311
-1.084,1.169,0.804,29.663,256.775,-26.306
-1.024,1.381,0.955,6.653,261.536,-42.786
-1.015,1.453,1.003,-15.808,267.700,-62.439
-1.005,1.485,0.992,4.822,286.011,-107.605
-0.902,1.243,0.637,50.049,291.626,-130.859
-0.807,1.125,0.416,80.566,286.255,-146.606
-0.694,1.009,0.306,41.016,244.934,-164.551
-0.587,0.877,0.306,10.132,221.924,-167.603
-0.409,0.636,0.432,-8.850,201.904,-165.222
-0.336,0.560,0.503,-19.714,184.448,-157.715
-0.307,0.629,0.555,-5.920,159.180,-138.428
-0.219,0.859,0.325,9.583,148.865,-138.245
-0.182,0.956,0.214,4.700,130.493,-145.935
-0.161,0.967,0.154,-12.634,80.017,-180.542
-0.121,0.795,0.103,3.479,56.396,-195.007
0.033,0.055,0.234,27.222,34.119,-195.190
0.083,-0.052,0.347,45.654,17.273,-178.345
0.106,0.050,0.348,17.578,0.305,-142.212
0.155,0.117,0.404,-33.325,-10.132,-140.381
0.194,-0.018,0.487,-76.050,-18.677,-144.226
-0.571,-0.539,3.683,66.650,-112.244,148.743
-0.520,-0.161,4.000,53.162,4.578,134.888
-0.388,1.076,4.000,21.545,290.100,119.629
0.410,4.000,2.772,-87.158,400.452,29.724
0.620,3.558,1.270,-201.843,421.875,-139.832
0.491,1.737,-0.642,-88.318,231.140,-391.052
0.206,-0.845,-2.617,67.749,66.772,-371.155
-0.743,-4.000,-2.276,146.057,-88.013,-266.479
-1.118,-4.000,-1.134,98.633,-146.362,-123.779
-1.076,-4.000,-1.248,-84.290,-4.944,128.235
-0.240,-2.854,-2.705,-31.250,12.817,238.525
0.007,-1.370,-1.672,69.885,-56.274,318.481
0.069,-0.103,-0.048,44.983,-192.017,294.861
0.018,0.552,1.413,-40.894,-178.345,236.877
0.106,1.046,2.715,-91.370,-123.901,183.228
0.238,1.140,3.007,-102.722,-64.209,132.446
0.280,1.309,3.461,-70.679,42.664,46.631
0.489,2.121,3.362,-40.527,107.178,-4.089
0.426,2.070,3.021,-19.653,159.790,-78.430
0.271,1.978,2.691,-4.883,241.699,-219.299
0.086,1.926,2.163,-3.784,276.611,-285.400
-0.435,1.566,0.651,-10.559,294.067,-355.652
-0.746,0.812,-0.214,-23.437,284.424,-427.429
-0.953,-0.187,-0.991,15.564,186.279,-487.610
-1.058,-1.289,-1.305,65.002,120.666,-461.304
-1.079,-1.380,-0.936,97.473,70.129,-423.523
-1.042,-1.528,-0.687,77.820,40.527,-360.168
-0.900,-1.899,-0.794,48.401,33.691,-320.251
-0.522,-2.554,-0.862,36.865,13.123,-258.667
-0.399,-2.007,-0.457,55.664,-9.338,-181.641
-0.298,-1.166,-0.064,85.266,-21.301,-100.586
-0.146,-0.472,0.161,63.049,-23.315,-113.586
-0.103,-0.712,-0.011,36.194,-30.151,-137.329
-0.100,-1.075,-0.179,14.893,-67.444,-153.015
-0.136,-1.351,-0.244,16.113,-89.661,-140.198
-0.269,-1.503,-0.085,19.531,-107.178,-120.972
-0.328,-1.347,0.072,25.696,-117.126,-100.952
-0.366,-1.178,0.175,26.001,-120.117,-83.740
-0.410,-1.157,0.147,15.625,-120.239,-85.083
-0.427,-1.256,0.099,4.944,-122.620,-85.999
-0.444,-1.307,0.098,-2.380,-130.615,-75.012
-0.465,-1.243,0.138,-6.042,-132.324,-68.909
-0.514,-1.124,0.188,-13.916,-132.446,-66.772
-0.545,-1.156,0.148,-21.851,-134.155,-66.406
-0.579,-1.215,0.158,-24.597,-148.315,-60.059
-0.615,-1.222,0.323,-23.621,-152.954,-53.467
-0.607,-1.194,0.399,-26.184,-152.039,-46.753
-0.591,-1.157,0.411,-45.593,-140.869,-35.339
-0.581,-1.207,0.241,-59.631,-137.878,-30.579
-0.599,-1.296,0.180,-71.594,-140.869,-23.071
-0.623,-1.284,0.177,-77.332,-148.254,-9.521
-0.656,-1.184,0.239,-74.890,-163.330,19.714
-0.728,-0.994,0.483,-68.298,-165.100,27.649
-0.759,-1.023,0.668,-61.462,-162.415,30.823
-0.784,-1.157,0.862,-68.115,-137.878,38.879
-0.787,-1.441,0.899,-78.613,-115.723,52.368
-0.765,-1.469,0.716,-88.013,-95.093,72.937
-0.754,-1.447,0.553,-98.816,-83.374,119.019
-0.764,-1.360,0.542,-91.980,-83.740,140.198
-0.768,-0.920,0.856,-76.050,-76.965,155.090
-0.736,-0.738,0.997,-59.326,-61.951,159.485
-0.685,-0.672,0.999,-51.697,-20.874,144.409
-0.592,-1.055,0.643,-60.303,-7.812,136.230
-0.576,-1.332,0.479,-68.481,-6.348,138.306
-0.594,-1.491,0.496,-76.843,-23.865,178.101
-0.643,-1.454,0.713,-74.524,-22.034,204.529
-0.700,-0.781,1.342,-65.186,-4.089,221.497
-0.650,-0.435,1.469,-56.763,28.015,218.689
-0.571,-0.360,1.403,-68.481,101.501,164.917
-0.417,-0.814,0.908,-76.416,125.977,142.517
-0.369,-1.001,0.733,-78.430,134.949,135.315
-0.343,-1.046,0.679,-64.270,126.770,152.649
-0.330,-0.931,0.758,-53.833,124.634,162.903
-0.308,-0.338,1.162,-46.631,131.714,163.269
-0.264,-0.118,1.217,-45.593,150.085,149.414
-0.581,0.868,-1.361,-277.222,-9.155,-211.914
-0.603,0.064,-1.386,-304.199,-83.008,-225.586
-0.563,-0.664,-1.409,-321.716,-118.652,-181.030
-0.299,-1.340,-1.590,-343.323,-153.748,-125.793
0.116,-1.760,-1.243,-360.229,-190.674,-83.984
0.917,-2.646,-0.013,-258.972,-204.285,-33.691
2.230,-4.000,2.330,-117.859,-104.675,23.682
1.660,-3.567,1.986,32.288,54.565,127.441
0.451,-0.824,1.090,212.952,310.791,300.781
-0.838,2.773,-0.296,212.830,349.487,191.956
-2.431,3.674,-3.792,166.870,298.645,-10.376
-2.176,2.283,-3.802,85.083,154.968,-136.902
-1.420,1.710,-2.534,-167.725,-119.080,-68.054
-0.123,0.923,-0.541,-221.069,-141.541,-59.387
0.262,-0.433,-0.375,-178.406,-117.859,-107.849
0.558,-2.193,-0.390,-16.846,-62.317,-147.034
0.759,-3.573,-0.410,5.554,-46.875,-65.979
0.786,-3.550,-0.255,13.367,-33.813,47.546
0.655,-2.856,-0.141,42.480,-13.123,146.362
0.449,-2.404,-0.159,148.926,52.185,255.310
-0.123,-1.281,-0.264,188.904,73.181,287.598
-0.413,-0.451,-0.285,203.674,85.083,306.580
-0.634,0.311,-0.381,180.969,97.351,286.255
-0.759,0.560,-0.555,160.400,92.468,259.827
-0.725,0.666,-0.561,137.939,78.918,249.939
-0.642,1.492,-0.469,102.417,64.880,249.817
-0.529,2.185,-0.412,33.264,55.969,159.424
-0.239,1.059,-0.307,16.052,59.998,88.013
-0.145,0.201,-0.350,-4.822,65.369,55.786
-0.076,-0.094,-0.364,-43.457,65.002,104.797
-0.002,0.066,-0.285,-36.377,71.411,125.183
0.081,0.323,-0.101,-7.629,92.224,122.864
-0.003,0.443,-0.176,29.114,124.146,109.680
-0.162,0.637,-0.313,63.110,182.312,76.294
-0.442,0.593,-0.466,54.626,201.172,58.411
-0.544,0.466,-0.490,44.312,215.454,46.753
-0.646,0.569,-0.551,27.161,238.342,41.138
-0.755,0.883,-0.697,11.658,244.934,27.893
-0.931,1.229,-1.081,-4.272,244.446,1.648
-1.010,1.148,-1.300,-18.616,236.084,-29.785
-1.079,0.964,-1.517,-55.603,191.711,-76.965
-1.081,0.641,-1.594,-78.369,159.180,-87.463
-1.014,0.620,-1.419,-99.426,128.723,-93.750
-0.956,0.665,-1.201,-123.108,98.328,-117.676
-0.964,0.666,-1.102,-115.784,97.412,-141.296
-1.113,0.328,-1.381,-101.318,96.741,-165.405
-1.179,0.066,-1.621,-93.384,89.050,-180.603
-1.210,-0.144,-1.798,-106.384,39.856,-171.814
-1.064,-0.162,-1.469,-117.737,5.310,-155.762
-0.979,-0.028,-1.222,-122.742,-20.691,-142.822
-0.954,0.054,-1.141,-86.304,-35.156,-152.893
-0.966,0.050,-1.197,-58.350,-35.889,-168.274
-0.983,-0.296,-1.449,-41.016,-40.222,-179.565
-0.937,-0.483,-1.494,-35.583,-51.941,-178.894
-0.877,-0.498,-1.477,-49.500,-88.867,-144.043
-0.766,-0.174,-1.272,-53.711,-105.774,-128.296
-0.705,-0.098,-1.119,-52.246,-116.821,-123.047
-0.629,-0.228,-0.964,-34.790,-120.300,-125.916
-0.530,-0.413,-0.812,-11.841,-114.380,-118.286
-0.389,-0.541,-0.761,19.470,-104.370,-104.858
-0.372,-0.420,-0.826,53.955,-94.177,-88.684
-0.380,-0.174,-0.892,102.783,-81.238,-66.711
-0.422,0.124,-0.994,112.854,-79.651,-68.909
-0.434,0.076,-1.035,116.882,-80.627,-75.745
-0.436,-0.115,-1.088,101.196,-86.792,-76.294
-0.417,-0.321,-1.142,76.782,-92.834,-58.289
-0.370,-0.187,-1.098,57.190,-99.670,-32.654
-0.353,0.096,-1.013,57.129,-104.309,-13.550
-0.340,0.281,-0.945,113.342,-97.656,-19.714
-0.317,0.285,-0.977,146.851,-89.905,-31.860
-0.310,0.253,-1.012,165.405,-83.984,-39.612
-0.304,0.172,-1.074,103.577,-82.153,-35.767
-0.286,0.093,-1.117,33.142,-88.806,-22.583
-0.228,0.270,-0.974,-24.475,-97.839,-8.667
-0.189,0.378,-0.830,-47.302,-104.187,-2.625
-0.216,-0.238,-3.546,-359.009,-28.503,-182.007
0.405,-2.249,-3.564,-355.652,-114.502,-222.290
1.389,-3.988,-2.482,-164.490,-237.061,-25.330
1.095,-3.605,-0.240,-13.306,-187.683,246.582
-0.446,-0.693,1.154,156.189,-97.656,488.098
-1.813,2.880,2.606,402.954,127.319,446.533
-2.637,4.000,0.201,357.422,205.078,198.730
-2.072,4.000,-0.651,204.956,145.691,-20.081
-1.110,3.509,0.688,-48.584,-84.412,-184.753
-0.211,2.275,1.965,-49.927,-26.306,-215.027
0.472,-0.497,-0.353,-16.907,76.233,-217.712
0.484,-1.037,-1.733,-10.742,121.277,-185.547
0.508,-1.123,-2.246,-73.975,45.959,-86.182
0.607,-1.382,-2.464,-77.271,7.874,-50.049
0.578,-1.558,-2.657,-52.429,-19.165,-14.893
0.489,-1.387,-2.528,7.629,-82.336,80.261
0.342,-0.864,-2.148,29.541,-101.379,111.511
0.043,-0.399,-1.694,63.293,-109.863,121.582
-0.072,-0.386,-1.442,100.403,-119.507,129.700
-0.195,-0.232,-1.125,110.962,-145.996,172.791
-0.368,0.583,0.048,96.252,-150.452,191.284
-0.386,1.033,0.492,86.243,-131.836,192.993
-0.390,1.076,0.330,83.679,-62.378,152.344
-0.360,0.776,-0.094,71.472,-61.340,146.362
-0.199,0.257,-0.231,46.509,-80.200,160.522
-0.117,0.218,0.017,27.222,-96.985,183.960
-0.066,0.454,0.362,33.264,-75.989,216.980
-0.102,1.280,0.543,44.250,-36.621,206.604
-0.157,1.265,0.144,55.115,4.944,176.941
-0.191,0.897,-0.322,71.289,25.085,127.747
-0.190,0.487,-0.539,65.918,4.944,133.118
-0.158,0.180,-0.181,57.251,-14.282,152.039
-0.168,0.320,0.224,50.293,-21.667,175.049
-0.222,0.738,0.642,41.687,17.700,199.036
-0.398,1.513,0.774,44.434,60.730,182.800
-0.474,1.473,0.370,48.157,102.722,152.893
-0.523,1.209,-0.153,35.645,128.296,108.154
-0.528,0.970,-0.485,13.672,108.826,106.506
-0.467,1.056,-0.039,-13.916,88.623,110.596
-0.473,1.255,0.354,-34.851,87.097,110.413
-0.533,1.393,0.498,-36.499,150.757,84.778
-0.745,1.421,-0.001,-29.419,189.758,66.956
-0.849,1.411,-0.415,-25.879,214.844,50.354
-0.942,1.447,-0.823,-42.358,206.543,19.897
-1.008,1.536,-1.092,-59.509,179.626,0.916
-1.005,1.482,-1.059,-76.477,150.757,-20.691
-0.971,1.383,-0.903,-89.355,129.150,-40.833
-0.933,1.275,-0.725,-92.712,119.934,-71.655
-0.917,1.109,-0.643,-82.153,131.653,-82.031
-0.927,1.039,-0.890,-63.599,145.874,-90.637
-0.940,0.999,-1.237,-34.241,136.658,-101.074
-0.934,1.021,-1.452,-36.438,106.873,-105.286
-0.819,1.082,-1.105,-44.983,74.524,-112.427
-0.743,1.036,-0.792,-56.763,53.467,-122.070
-0.684,0.947,-0.643,-73.303,54.565,-140.625
-0.580,0.578,-0.870,-66.711,60.120,-145.752
-0.514,0.449,-0.946,-55.725,57.922,-143.921
-0.453,0.431,-0.907,-37.476,40.100,-127.808
-0.413,0.502,-0.803,-33.508,33.386,-121.521
-0.389,0.672,-0.651,-32.410,30.212,-119.751
-0.393,0.648,-0.690,-29.114,29.602,-121.582
-0.403,0.606,-0.775,-18.127,26.794,-121.216
-0.447,0.633,-0.975,-14.648,21.729,-117.981
-0.448,0.604,-1.065,-12.451,13.000,-114.624
-0.417,0.561,-1.070,-12.329,-15.259,-100.952
-0.380,0.606,-0.958,-10.010,-26.062,-92.041
-0.367,0.857,-0.807,0.000,-28.687,-88.379
-0.375,0.880,-0.900,19.531,-27.222,-91.125
-0.375,0.872,-0.988,57.373,-38.513,-99.304
-0.335,0.778,-0.886,64.941,-50.232,-101.624
-0.288,0.696,-0.761,72.205,-59.082,-102.051
-0.242,0.616,-0.693,106.018,-64.148,-94.849
-0.209,0.558,-0.687,123.230,-65.613,-87.036
-0.186,0.607,-0.638,126.831,-69.946,-76.843
-0.183,0.758,-0.481,116.638,-76.050,-67.688
-0.356,1.325,0.899,63.782,164.490,25.391
-0.418,1.880,0.077,116.455,194.519,16.785
-0.273,2.192,-0.752,114.319,160.522,-77.148
0.615,1.365,-2.321,75.928,106.750,-130.188
1.008,0.720,-2.955,81.116,38.635,-149.658
1.084,0.453,-2.872,124.023,-138.123,-76.721
0.885,0.283,-1.795,139.832,-200.256,-24.048
0.098,-0.385,1.830,176.025,-206.970,32.837
-0.423,0.036,2.927,202.026,-158.997,90.759
-0.853,0.829,3.180,135.132,-26.672,91.980
-0.901,0.886,2.996,54.260,5.676,23.132
-0.621,0.410,2.742,-15.442,33.569,-35.706
-0.305,0.415,1.922,4.639,125.000,-37.842
-0.030,0.957,0.653,60.974,146.423,-26.978
0.318,2.045,-1.289,66.772,123.718,-39.368
0.413,2.001,-1.404,7.874,69.153,-70.496
0.458,1.834,-1.377,-82.275,-25.818,-118.774
0.481,1.514,-1.700,-81.421,-62.927,-133.118
0.448,1.288,-1.839,-100.891,-111.328,-146.118
0.351,1.000,-1.915,-165.955,-233.826,-158.813
0.240,0.484,-1.660,-142.822,-291.260,-145.813
-0.072,-0.492,-0.519,-76.721,-328.186,-113.220
-0.281,-0.726,0.209,-3.662,-345.398,-68.970
-0.479,-0.675,0.811,103.027,-318.726,19.470
-0.691,-0.306,1.605,127.075,-289.429,44.312
-0.670,-0.172,1.864,140.320,-252.991,56.824
-0.593,-0.068,1.788,194.214,-167.725,61.829
-0.499,0.011,1.549,232.422,-139.893,59.021
-0.302,0.022,1.007,260.620,-125.793,55.786
-0.227,-0.032,0.900,258.362,-124.512,54.382
-0.178,-0.170,0.986,184.021,-135.437,66.101
-0.220,-0.282,1.389,158.508,-131.287,87.585
-0.314,-0.070,1.416,144.714,-118.591,113.464
-0.414,0.245,1.293,94.727,-98.328,131.226
-0.482,0.469,1.216,45.593,-97.595,113.586
-0.474,0.025,1.362,1.404,-95.154,92.896
-0.461,-0.350,1.509,-25.269,-86.731,88.501
-0.483,-0.490,1.539,-21.667,-50.903,141.174
-0.602,-0.039,1.248,-11.292,-36.133,173.462
-0.650,0.298,1.166,-10.376,-30.457,191.650
-0.669,0.461,1.252,-61.218,-31.067,176.025
-0.670,0.379,1.446,-94.360,-20.691,162.842
-0.693,0.103,1.571,-109.009,0.732,161.377
-0.727,0.175,1.343,-102.112,26.306,171.448
-0.775,0.427,1.047,-70.251,50.842,197.632
-0.911,1.201,1.035,-65.918,47.241,198.181
-0.972,1.493,1.283,-71.045,45.776,184.143
-1.000,1.617,1.483,-82.031,74.585,124.512
-0.978,1.557,1.516,-75.562,99.487,94.971
-0.811,1.207,1.111,-59.753,121.338,74.829
-0.709,1.089,0.885,-43.030,134.399,64.087
-0.621,1.000,0.769,-39.185,135.071,54.138
-0.524,0.962,0.720,-31.250,133.118,51.697
-0.513,1.038,0.691,-11.047,132.507,49.194
-0.509,1.140,0.635,17.395,127.808,33.020
-0.492,1.163,0.615,-0.305,120.911,17.029
-0.422,0.833,0.820,-26.794,115.234,2.014
-0.399,0.669,0.882,-39.246,116.028,-5.615
-0.394,0.668,0.791,-10.376,127.014,0.000
-0.421,1.013,0.483,13.550,124.512,0.671
-0.427,1.146,0.456,28.015,113.647,-6.836
-0.429,1.140,0.566,21.545,86.121,-37.598
-0.426,1.076,0.691,30.029,80.933,-49.927
-0.398,0.985,0.822,50.171,80.505,-59.143
-0.379,0.984,0.815,85.388,84.045,-65.552
-0.358,1.016,0.753,183.533,93.323,-76.172
-0.327,1.032,0.681,228.821,95.032,-83.374
-0.303,0.990,0.655,258.423,95.642,-91.492
-0.276,0.909,0.646,278.687,92.773,-108.887
-0.251,0.816,0.652,292.480,91.614,-115.845
-0.176,0.535,0.645,291.687,91.309,-121.216
-0.122,0.392,0.589,272.095,91.370,-123.718
-0.078,0.277,0.515,212.219,86.731,-124.084
-0.011,0.040,0.409,159.546,79.773,-126.282
0.025,-0.199,0.406,89.172,69.946,-130.798
-0.540,2.172,0.730,-278.564,251.648,99.365
-0.458,2.846,0.221,-273.743,273.987,44.556
-0.222,3.078,-0.567,-285.645,285.706,-120.361
0.833,1.723,-3.600,-331.665,242.981,-195.374
1.387,0.628,-4.000,-362.915,119.202,-225.098
1.410,0.203,-4.000,-126.099,-236.694,-101.135
0.814,0.032,-3.107,75.012,-352.844,-25.452
-0.945,-1.473,1.960,181.702,-401.978,38.940
-1.636,-1.127,4.000,159.241,-368.530,112.854
-2.029,0.552,4.000,-58.044,-66.101,136.902
-1.296,0.957,3.833,-133.606,69.885,13.306
-0.464,-0.362,2.881,-152.344,142.944,-93.811
0.158,-0.556,1.306,-32.471,207.642,-39.978
0.519,0.255,-0.505,38.696,195.068,11.292
0.839,1.751,-2.654,70.190,137.573,22.644
0.825,2.046,-2.642,69.031,52.063,4.211
0.741,2.030,-2.273,37.537,-102.356,-53.223
0.464,1.869,-2.006,28.625,-155.518,-71.594
0.306,1.635,-2.079,33.752,-208.496,-88.928
0.125,1.176,-1.910,48.950,-334.900,-112.854
-0.092,0.568,-1.345,51.758,-386.475,-103.760
-0.551,-0.315,0.305,60.913,-409.790,-75.806
-0.749,-0.532,0.967,77.087,-404.846,-39.917
-0.873,-0.709,1.911,68.604,-335.022,30.640
-0.820,-0.518,3.161,57.983,-250.305,64.636
-0.729,-0.071,2.419,63.782,-148.193,87.036
-0.574,0.222,1.291,75.317,-50.903,62.195
-0.342,0.121,0.551,52.368,-67.932,41.504
0.066,-0.457,0.448,27.100,-91.309,44.189
0.077,-0.406,0.438,13.672,-103.882,72.571
-0.045,-0.173,0.483,1.587,-117.432,141.663
-0.361,0.232,0.899,-4.578,-118.469,159.302
-0.439,0.348,0.897,-6.531,-111.816,164.856
-0.472,0.378,0.831,-25.879,-104.492,154.358
-0.492,0.275,0.938,-44.434,-103.027,153.320
-0.605,0.130,1.619,-55.054,-87.769,164.795
-0.700,0.330,1.662,-53.833,-54.749,185.181
-0.783,0.672,1.419,-44.800,15.076,209.351
-0.840,1.142,1.060,-52.185,30.762,200.623
-0.842,1.132,1.174,-67.871,39.246,184.326
-0.850,1.104,1.278,-88.257,73.181,163.757
-0.867,1.163,1.270,-89.539,96.680,160.156
-0.908,1.420,1.094,-87.708,117.554,153.992
-0.922,1.501,1.049,-82.947,134.460,142.700
-0.935,1.578,1.009,-57.190,163.696,110.046
-0.894,1.613,0.767,-38.147,175.537,88.623
-0.823,1.465,0.664,-22.522,181.641,65.125
-0.742,1.260,0.611,6.226,182.678,36.377
-0.669,1.093,0.581,17.761,182.007,35.522
-0.567,0.981,0.507,22.339,180.786,38.635
-0.542,0.977,0.516,21.423,177.917,41.443
-0.535,0.991,0.558,1.587,171.448,42.480
-0.565,1.174,0.516,-15.137,170.227,39.429
-0.570,1.329,0.355,-26.184,167.847,30.273
-0.546,1.346,0.297,-50.476,141.541,-11.902
-0.499,1.185,0.410,-54.749,129.150,-30.579
-0.400,0.806,0.669,-44.495,126.465,-36.926
-0.377,0.833,0.619,-25.574,131.104,-32.227
-0.366,0.987,0.455,1.160,133.850,-23.193
-0.339,1.199,0.325,0.183,122.681,-29.968
-0.317,1.178,0.371,-0.488,109.253,-41.260
-0.285,1.120,0.384,18.738,91.064,-61.890
-0.251,1.108,0.310,35.034,82.275,-69.397
-0.206,1.180,0.202,50.110,69.519,-78.552
-0.202,1.154,0.311,58.472,55.054,-88.745
-0.209,1.133,0.432,81.299,43.884,-103.027
-0.183,1.091,0.306,98.816,45.410,-108.765
-0.155,0.994,0.263,104.919,40.344,-115.845
-0.139,0.885,0.312,107.239,20.752,-125.610
-0.131,0.845,0.330,111.694,15.015,-127.991
-0.071,0.747,0.230,101.746,7.324,-132.263
-0.041,0.643,0.243,75.867,-4.639,-136.963
-0.015,0.483,0.321,47.180,-25.757,-137.756
0.042,0.261,0.425,62.683,-28.992,-130.188
0.058,0.256,0.456,77.271,-30.457,-121.460
-0.338,1.521,1.115,-298.096,154.602,-61.707
-0.459,1.510,0.844,-358.215,183.777,-93.628
-0.523,1.320,0.372,-446.411,196.167,-161.682
-0.403,0.686,-0.642,-444.458,168.213,-181.641
-0.296,0.648,-0.922,-444.946,124.817,-184.937
-0.200,0.716,-1.082,-498.169,49.988,-196.655
-0.087,0.608,-1.296,-510.925,38.208,-223.083
0.457,-1.460,-2.446,-491.577,39.063,-249.878
0.992,-3.159,-3.515,-448.853,31.372,-235.291
1.412,-4.000,-4.000,-262.695,-86.548,41.870
0.363,-2.931,-3.364,-132.141,-163.391,239.014
-0.576,-0.710,-1.436,-10.620,-226.807,384.888
-1.154,1.609,0.191,127.869,-167.847,364.990
-1.289,2.515,0.166,135.620,-115.112,249.268
-0.806,0.068,-1.055,96.558,-140.991,181.396
-0.594,-1.127,-0.543,46.875,-218.750,205.383
-0.601,-1.771,0.234,150.696,-279.724,395.935
-1.203,-1.938,1.125,279.602,-242.676,491.943
-1.592,-1.223,1.224,354.004,-204.468,572.266
-1.904,0.114,1.551,217.224,-186.768,628.845
-1.990,1.755,2.187,113.464,-158.508,570.312
-1.466,3.199,2.465,63.293,-93.384,457.581
-1.164,2.654,1.702,46.997,-18.982,330.811
-0.909,1.629,0.827,-1.282,40.833,171.997
-0.568,0.254,0.528,-44.739,32.898,163.452
-0.555,0.382,0.951,-84.290,36.438,182.861
-0.663,0.874,1.263,-117.737,126.709,207.520
-0.850,1.385,1.191,-119.202,192.017,188.171
-1.228,1.800,0.109,-125.305,243.225,154.541
-1.336,1.795,-0.425,-139.954,268.799,115.906
-1.376,1.708,-0.735,-152.161,258.118,41.748
-1.328,1.425,-0.991,-134.399,242.371,12.939
-1.289,1.391,-1.049,-110.840,226.074,-7.080
-1.275,1.482,-1.059,-84.595,191.650,-37.476
-1.271,1.618,-0.938,-85.571,177.673,-59.143
-1.274,1.689,-0.543,-85.815,176.270,-86.792
-1.265,1.507,-0.635,-81.970,188.110,-117.249
-1.228,1.246,-0.930,-83.374,199.280,-164.368
-1.075,0.889,-1.301,-81.360,180.359,-176.208
-0.987,0.845,-1.164,-78.552,152.100,-180.542
-0.894,0.818,-0.934,-61.401,113.281,-180.420
-0.820,0.801,-0.751,-43.213,111.267,-180.054
-0.781,0.794,-0.757,-27.100,115.173,-180.115
-0.755,0.777,-0.824,-20.935,116.699,-180.298
-0.722,0.781,-0.892,-33.875,104.004,-179.077
-0.651,0.762,-0.988,-42.053,91.064,-178.345
-0.601,0.713,-0.971,-49.194,74.951,-176.941
-0.542,0.652,-0.936,-63.782,42.603,-168.457
-0.423,0.609,-0.779,-68.115,28.992,-161.804
-0.385,0.614,-0.727,-65.979,20.020,-155.396
-0.358,0.624,-0.735,-53.467,15.564,-150.146
-0.329,0.632,-0.750,-12.329,8.606,-141.846
-0.256,0.562,-0.809,3.784,3.296,-135.925
-0.222,0.541,-0.859,14.832,-4.517,-126.160
-0.198,0.561,-0.908,27.100,-27.283,-100.403
-0.179,0.656,-0.930,31.738,-41.504,-89.539
-0.186,0.739,-0.804,34.729,-56.335,-81.299
-0.200,0.869,-0.586,44.434,-68.848,-76.965
-0.202,0.961,-0.412,58.105,-60.486,-83.435
-0.127,0.739,-0.592,73.425,-50.903,-90.088
-0.079,0.597,-0.686,77.026,-50.781,-88.928
-0.058,0.589,-0.628,37.720,-72.998,-65.125
-0.037,0.723,-0.334,23.010,-79.346,-55.115
-0.024,0.770,-0.212,25.024,-78.369,-49.561
-0.019,0.796,-0.191,53.650,-61.951,-46.204
-0.016,0.757,-0.284,63.782,-56.702,-43.762
-0.002,0.702,-0.403,63.416,-58.289,-37.354
0.004,0.740,-0.356,56.274,-63.660,-29.968
0.016,0.763,-0.258,41.809,-71.106,-22.095
0.045,0.773,-0.105,36.682,-69.580,-19.958
0.052,0.759,-0.107,35.461,-66.040,-18.066
0.050,0.758,-0.109,37.781,-61.279,-12.756
0.036,0.788,-0.156,43.274,-60.425,-10.803
0.042,0.772,-0.221,53.223,-63.232,-10.071
0.062,0.770,-0.112,61.218,-68.298,-8.484
-0.555,0.599,-1.669,-215.820,5.981,-177.490
-0.590,0.251,-1.840,-233.826,-44.067,-174.377
-0.555,-0.071,-1.911,-275.696,-146.301,-139.832
-0.137,-1.682,-2.285,-294.800,-187.622,-121.948
0.510,-3.021,-1.568,-271.973,-234.558,-87.891
1.203,-3.995,-0.464,-83.557,-204.834,101.135
1.409,-4.000,-0.129,63.965,-111.084,229.736
0.385,-2.823,-0.565,233.826,-34.241,342.468
-0.274,-1.416,-0.023,367.310,2.563,421.692
-0.868,1.153,0.761,310.852,38.696,442.871
-1.467,3.638,-0.339,197.876,54.138,318.787
-1.252,2.163,-0.531,116.821,17.578,177.979
-0.864,0.990,0.220,0.000,-95.703,147.705
-0.481,0.716,1.202,-9.338,-70.862,186.035
0.029,0.589,1.113,26.978,4.639,196.899
0.113,0.132,0.143,75.195,77.026,192.444
0.093,-0.132,-0.547,87.097,87.280,227.966
-0.122,1.001,-0.172,56.824,61.401,248.535
-0.198,1.429,0.140,30.640,57.312,237.122
-0.227,1.273,0.112,-6.897,103.027,166.016
-0.251,0.958,-0.062,-28.748,120.361,148.926
-0.350,1.042,-0.147,-51.453,132.080,140.015
-0.407,1.155,-0.191,-68.787,146.301,125.793
-0.479,1.164,-0.364,-78.552,181.335,82.275
-0.674,1.190,-0.818,-80.322,192.444,60.181
-0.745,1.140,-0.960,-82.703,197.327,37.109
-0.789,1.100,-1.017,-96.558,194.336,-3.479
-0.834,1.104,-1.091,-100.037,188.477,-22.156
-0.894,0.895,-1.422,-98.999,175.537,-38.025
-0.885,0.844,-1.495,-95.398,152.832,-47.058
-0.858,0.897,-1.375,-87.646,100.464,-59.082
-0.787,0.927,-0.984,-86.975,89.416,-71.716
-0.762,0.865,-0.893,-87.097,89.722,-87.585
-0.751,0.752,-0.852,-84.534,103.882,-117.004
-0.744,0.576,-0.866,-84.106,112.793,-124.146
-0.775,0.327,-1.163,-85.815,118.164,-124.084
-0.814,0.389,-1.326,-87.708,114.563,-120.117
-0.852,0.546,-1.422,-79.651,81.726,-123.474
-0.836,0.621,-1.319,-69.519,60.181,-135.498
-0.801,0.524,-1.236,-62.439,41.931,-148.010
-0.759,0.359,-1.207,-51.392,17.517,-161.438
-0.694,0.109,-1.219,-44.800,6.287,-155.823
-0.547,0.013,-1.120,-39.124,-5.676,-140.503
-0.517,0.252,-0.989,-34.180,-14.465,-125.061
-0.515,0.480,-0.903,-38.025,-13.306,-123.840
-0.527,0.505,-1.005,-45.105,-11.047,-135.071
-0.513,0.299,-1.115,-51.392,-14.465,-145.325
-0.475,0.091,-1.175,-52.185,-42.603,-139.587
-0.425,-0.029,-1.122,-39.001,-58.105,-124.878
-0.354,0.123,-0.879,-20.447,-64.941,-107.849
-0.358,0.338,-0.829,-0.549,-61.951,-95.459
-0.378,0.476,-0.872,25.757,-44.067,-97.961
-0.399,0.443,-1.133,24.658,-40.771,-103.271
-0.386,0.365,-1.224,17.090,-45.837,-104.675
-0.357,0.259,-1.240,2.380,-70.679,-93.262
-0.320,0.183,-1.193,-1.648,-82.153,-80.505
-0.269,0.350,-1.010,0.183,-88.989,-67.688
-0.256,0.482,-0.938,9.705,-90.454,-60.608
-0.243,0.541,-0.899,41.504,-84.045,-66.162
-0.212,0.487,-0.912,48.828,-79.895,-70.862
-0.196,0.368,-0.992,45.898,-76.660,-73.364
-0.165,0.201,-1.053,29.480,-83.618,-61.584
-0.121,0.097,-1.038,24.719,-91.797,-46.021
-0.075,0.156,-0.901,30.029,-97.900,-31.067
-0.059,0.199,-0.810,46.692,-100.037,-21.851
-0.039,0.227,-0.741,87.219,-90.515,-14.954
-0.053,0.405,-0.731,97.961,-83.008,-12.817
-0.046,0.358,-0.791,102.112,-77.148,-14.832
-0.021,0.190,-0.911,81.421,-80.811,-7.629
-0.013,0.088,-1.020,53.406,-95.581,11.475
-0.047,0.369,-0.846,25.818,-113.159,30.762
-0.031,0.479,-0.655,9.949,-124.390,40.405
0.004,0.498,-0.502,18.311,-117.249,40.283
0.057,0.483,-0.415,30.334,-105.164,39.368
0.067,0.474,-0.450,40.771,-93.384,39.978
-0.022,-2.696,-0.950,-400.085,-236.816,39.490
0.854,-3.240,0.853,-394.287,-286.011,93.445
1.776,-3.664,2.799,-161.011,-141.602,159.729
1.353,-3.032,2.806,46.082,52.734,189.575
-0.009,-0.624,0.915,247.192,234.924,218.872
-1.413,2.419,-1.432,391.052,331.055,117.187
-2.376,3.845,-3.501,276.733,218.567,0.854
-1.994,1.843,-3.406,83.130,49.866,-41.687
-1.040,1.740,-1.787,-103.271,-85.999,2.075
-0.203,1.980,-0.518,-189.514,-113.098,4.456
0.441,0.233,-0.227,-122.375,-64.453,-68.054
0.513,-0.906,-0.342,-66.345,-30.579,-112.915
0.552,-1.523,-0.319,-48.340,-9.949,-70.313
0.541,-1.655,-0.316,-46.570,-0.977,-34.546
0.424,-1.888,-0.474,-34.302,8.423,-10.071
0.395,-2.031,-0.460,-12.268,17.090,11.719
0.368,-2.077,-0.423,36.438,42.175,66.040
0.234,-1.599,-0.411,55.908,56.702,96.863
0.125,-0.873,-0.516,70.190,68.604,121.216
0.022,-0.304,-0.663,75.928,70.923,102.844
-0.051,-0.280,-0.711,84.290,63.232,81.055
-0.083,-0.739,-0.406,99.121,60.242,80.688
-0.073,-0.681,-0.234,106.323,67.932,103.455
-0.053,-0.535,-0.076,96.069,108.704,164.307
0.002,-0.179,0.281,101.807,139.648,184.448
-0.078,0.332,0.069,110.962,177.429,194.580
-0.217,0.822,-0.400,104.187,218.262,154.053
-0.380,0.606,-0.892,100.342,209.717,114.258
-0.431,0.398,-0.936,86.975,194.885,88.013
-0.490,0.393,-0.991,51.941,181.091,80.627
-0.509,0.522,-0.948,-31.372,153.137,77.576
-0.430,0.585,-0.543,-52.124,148.071,63.782
-0.454,0.502,-0.565,-54.199,155.396,42.419
-0.540,0.441,-0.798,-27.771,173.645,-7.446
-0.738,0.161,-1.263,-23.560,169.312,-28.381
-0.778,-0.009,-1.308,-31.860,156.677,-39.368
-0.779,-0.040,-1.269,-60.303,125.854,-35.828
-0.775,0.085,-1.221,-71.045,113.708,-37.109
-0.820,0.316,-1.313,-80.200,102.600,-48.889
-0.847,0.185,-1.395,-89.111,89.722,-68.298
-0.851,-0.072,-1.424,-102.112,56.946,-94.788
-0.762,-0.309,-1.284,-106.140,42.603,-91.492
-0.732,-0.179,-1.253,-108.521,32.410,-85.388
-0.729,-0.071,-1.238,-101.929,16.663,-98.083
-0.737,-0.099,-1.203,-94.116,10.132,-113.037
-0.749,-0.433,-1.171,-84.900,4.883,-124.573
-0.753,-0.600,-1.199,-77.942,-0.732,-128.296
-0.748,-0.718,-1.213,-78.857,-18.799,-111.389
-0.677,-0.617,-1.083,-85.327,-29.419,-96.863
-0.644,-0.447,-0.993,-89.600,-37.476,-87.402
-0.630,-0.340,-0.921,-81.116,-43.091,-98.633
-0.629,-0.361,-0.874,-69.519,-42.358,-111.816
-0.639,-0.689,-0.896,-55.542,-41.504,-120.605
-0.647,-0.814,-0.958,-44.006,-42.603,-119.385
-0.651,-0.809,-1.013,-38.208,-55.176,-92.834
-0.620,-0.519,-0.980,-39.429,-64.697,-81.787
-0.612,-0.477,-0.941,-39.795,-73.181,-78.552
-0.595,-0.557,-0.872,-35.400,-83.069,-78.735
-0.562,-0.644,-0.802,-31.250,-83.252,-73.059
-0.518,-0.567,-0.803,-23.926,-81.787,-66.101
-0.513,-0.483,-0.870,-13.184,-81.177,-62.378
-0.513,-0.457,-0.953,15.808,-89.722,-66.467
-0.510,-0.529,-1.014,33.386,-98.816,-68.298
-0.492,-0.594,-0.955,49.011,-107.971,-67.261
-0.464,-0.671,-0.860,58.472,-113.647,-55.237
-0.437,-0.726,-0.791,52.124,-106.506,-44.495
-0.418,-0.625,-0.840,45.410,-96.497,-32.654
-0.425,-0.481,-0.931,44.800,-87.830,-24.353
-0.437,-0.423,-1.013,64.270,-83.496,-27.954
-0.458,-0.542,-1.121,75.256,-86.121,-30.151
-0.467,-0.575,-1.161,76.599,-90.088,-26.733
-0.467,-0.559,-1.160,57.251,-101.074,-9.521
-0.454,-0.507,-1.110,45.593,-103.333,-1.587
-0.425,-0.435,-1.063,40.405,-101.746,2.808
-0.432,-0.436,-1.104,47.852,-99.182,3.418
-0.362,1.230,1.549,-81.543,153.076,13.184
-0.377,1.165,0.828,-104.675,199.768,-10.254
-0.326,1.088,0.278,-213.013,198.853,-54.138
-0.329,1.958,-0.488,-247.620,183.960,-74.524
-0.235,2.276,-1.443,-215.881,186.279,-118.469
0.137,1.657,-2.913,4.517,178.040,-239.624
0.850,0.170,-4.000,152.771,62.744,-225.220
1.197,-1.807,-3.987,234.070,-177.856,-116.394
0.077,-0.970,-2.701,230.591,-433.716,43.274
-1.095,-0.381,0.138,243.896,-545.166,220.215
-2.051,1.425,4.000,245.239,-376.831,245.056
-2.091,2.933,4.000,178.772,-135.681,208.618
-1.763,2.794,3.487,-76.660,76.660,-79.346
-1.062,1.135,2.656,-155.334,68.848,-161.377
0.264,-0.589,0.706,-151.001,75.073,-138.306
0.528,0.081,-0.338,-88.257,91.248,-70.984
0.630,0.737,-1.102,29.724,70.129,-16.907
0.657,0.899,-1.832,52.490,30.823,-24.963
0.599,0.812,-1.646,53.711,-16.968,-28.137
0.495,0.829,-1.182,37.170,-85.083,-9.216
0.338,0.963,-0.870,47.058,-94.604,-1.099
0.078,1.136,-1.141,71.716,-107.117,-1.648
-0.021,1.093,-1.107,98.083,-135.254,-9.216
-0.108,0.981,-0.682,128.357,-201.843,-27.832
-0.246,0.825,0.361,134.155,-210.571,-34.119
-0.273,0.696,0.941,129.700,-203.247,-38.818
-0.264,0.610,1.343,127.502,-132.324,-31.067
-0.217,0.564,1.319,149.658,-86.609,-25.818
-0.057,0.383,0.580,165.405,-58.289,-21.118
0.033,0.368,0.286,148.804,-53.284,-14.343
0.116,0.347,0.195,66.345,-86.060,-4.883
0.235,0.306,0.300,37.170,-101.929,2.197
0.249,0.310,0.337,19.226,-112.610,14.038
0.218,0.321,0.395,11.658,-126.099,46.082
0.145,0.363,0.445,13.000,-130.859,61.279
-0.020,0.458,0.468,8.911,-137.146,71.777
-0.075,0.439,0.524,1.160,-145.325,78.125
-0.120,0.385,0.691,-17.456,-156.921,91.980
-0.195,0.271,1.365,-20.569,-148.682,104.004
-0.221,0.267,1.528,-12.207,-123.535,118.774
-0.236,0.264,1.352,17.029,-55.664,144.958
-0.250,0.276,1.049,18.250,-40.588,154.480
-0.336,0.414,0.798,8.362,-40.161,160.461
-0.390,0.471,1.010,-6.714,-45.898,162.537
-0.435,0.500,1.317,-16.602,-28.442,164.856
-0.498,0.563,1.456,-11.230,-1.099,168.213
-0.528,0.607,1.316,-10.986,26.794,171.509
-0.576,0.700,1.154,-31.067,63.049,173.828
-0.631,0.813,1.020,-43.457,70.923,170.410
-0.721,0.967,0.970,-53.040,75.562,164.734
-0.755,1.015,1.025,-58.472,81.665,158.569
-0.790,1.085,1.042,-58.044,106.323,145.630
-0.859,1.309,0.875,-56.030,120.483,135.620
-0.875,1.412,0.751,-57.007,130.737,121.155
-0.870,1.454,0.665,-64.331,137.512,82.458
-0.820,1.382,0.640,-69.580,138.489,63.232
-0.783,1.299,0.685,-75.012,141.357,46.936
-0.774,1.298,0.709,-79.407,147.888,35.156
-0.780,1.362,0.628,-76.843,168.335,14.648
-0.737,1.394,0.270,-72.754,172.668,0.916
-0.683,1.338,0.125,-66.711,169.678,-12.817
-0.621,1.266,0.060,-39.917,149.658,-32.410
-0.522,1.177,0.177,-23.987,139.404,-37.354
-0.492,1.162,0.269,-11.719,133.423,-40.588
-0.479,1.186,0.304,28.748,134.521,-51.453
-0.455,1.169,0.226,51.270,134.399,-60.120
-0.372,1.075,0.026,38.269,126.709,-65.552
-0.343,1.026,0.018,6.165,112.671,-70.801
-0.316,0.974,0.006,-12.390,83.130,-78.369
-0.285,1.040,-0.040,6.470,68.481,-78.064
-0.301,1.121,0.040,20.508,52.673,-78.125
-0.330,1.161,0.204,19.836,29.724,-87.769
-0.349,1.128,0.388,14.954,28.625,-93.079
-0.365,1.174,0.353,14.771,32.837,-95.581
-0.350,1.203,0.231,21.667,34.058,-99.243
-0.544,0.153,1.877,-13.977,-25.146,224.670
-0.436,0.763,1.775,-58.899,23.621,208.008
-0.208,1.369,1.877,-46.753,106.995,133.911
0.807,3.289,1.223,-30.762,151.123,100.830
1.377,4.000,0.152,-30.884,163.940,47.485
1.342,4.000,-0.084,-44.983,33.386,-234.741
0.669,3.634,0.086,-39.001,-25.513,-393.921
-0.929,-1.277,-0.173,-33.264,-72.815,-458.618
-1.456,-3.556,0.593,-32.959,-120.361,-404.419
-1.750,-4.000,1.819,-112.793,-108.398,-172.119
-1.428,-3.938,2.357,-205.078,-37.231,-88.867
-0.972,-3.048,1.744,-246.399,29.480,-15.869
-0.421,-1.656,1.060,-75.317,76.965,99.487
0.119,-0.162,0.580,6.958,65.613,107.300
0.826,2.026,0.120,47.241,46.082,80.688
0.915,2.468,0.110,60.974,22.095,31.189
0.852,2.284,0.268,41.870,-20.081,-81.665
0.546,1.573,0.424,33.630,-29.114,-115.295
0.383,1.843,0.271,43.274,-35.217,-141.907
0.195,2.054,0.033,83.313,-64.819,-249.329
-0.037,2.007,-0.219,112.427,-92.102,-321.350
-0.659,1.766,-0.813,141.785,-125.244,-395.691
-1.026,1.176,-1.010,153.625,-166.443,-472.656
-1.295,-0.442,-0.905,76.416,-264.404,-544.556
-1.230,-4.000,0.271,36.743,-303.040,-462.158
-1.197,-3.913,1.066,34.668,-319.092,-307.007
-1.260,-2.474,1.588,78.491,-256.897,-54.749
-1.290,-0.933,1.690,66.711,-198.975,-39.612
-0.965,-0.708,0.930,25.574,-152.222,-64.453
-0.779,-1.580,0.525,-24.292,-134.094,-74.951
-0.717,-2.133,0.307,-48.523,-173.706,28.748
-0.950,-1.692,0.439,-26.184,-207.825,106.506
-1.131,-1.050,0.690,3.174,-238.098,169.006
-1.274,-0.398,1.077,33.447,-263.550,204.468
-1.329,0.008,1.523,11.719,-246.887,180.237
-1.166,-0.500,1.793,-27.649,-213.501,151.367
-1.091,-1.001,1.646,-60.303,-176.880,141.663
-1.092,-1.297,1.505,-51.331,-129.272,199.707
-1.273,-1.083,1.479,-14.893,-121.399,246.521
-1.359,-0.744,1.738,9.888,-117.432,285.645
-1.424,-0.375,2.169,-50.293,-65.369,308.777
-1.439,0.034,2.479,-98.633,-2.808,291.321
-1.163,0.405,1.903,-122.803,61.829,260.193
-0.939,0.138,1.332,-125.732,105.652,226.990
-0.766,-0.262,0.920,-121.399,114.624,206.360
-0.651,-0.283,0.836,-111.816,98.999,222.229
-0.673,0.090,1.137,-100.891,84.656,235.779
-0.699,0.529,1.443,-95.093,99.609,205.994
-0.652,0.873,1.476,-88.379,126.038,159.912
-0.344,0.532,0.807,-80.688,143.982,108.459
-0.234,0.027,0.561,-71.716,142.273,72.510
-0.181,-0.346,0.463,-26.306,99.487,77.637
-0.249,-0.389,0.768,0.061,74.280,100.037
-0.348,-0.051,1.135,21.484,57.922,117.981
-0.413,0.286,1.408,14.709,76.172,96.680
-0.410,0.430,1.424,-14.282,100.098,62.805
-0.248,0.204,0.918,-40.527,116.943,30.273
-0.156,0.015,0.665,-51.147,119.080,7.996
-0.110,-0.266,0.600,-29.724,85.632,-0.366
-0.186,-0.406,1.047,-10.376,69.275,14.404
-0.232,-0.109,1.260,1.343,65.430,28.320
-0.233,0.092,1.282,-17.456,86.548,11.780
-0.198,0.091,1.168,-30.579,96.252,-6.226
-0.079,-0.055,0.846,-34.851,99.182,-19.775
-0.018,-0.167,0.737,-32.410,94.543,-28.137
0.016,-0.261,0.704,-8.606,71.167,-24.658
0.002,-0.115,0.874,6.287,60.120,-18.494
-0.015,-0.122,0.984,9.705,54.138,-19.531
-0.020,-0.236,1.025,-3.906,61.340,-26.794
-0.003,-0.293,0.967,-4.395,67.566,-23.621
0.071,-0.125,0.783,-1.831,69.214,-21.179
0.110,-0.098,0.721,-0.305,65.796,-23.437
0.148,-0.127,0.649,10.986,51.147,-30.823
0.179,-0.160,0.626,23.193,41.687,-31.860
0.160,-0.150,0.718,35.767,33.508,-32.715
-0.573,0.512,3.881,-263.306,44.189,149.902
-0.288,1.785,3.887,-224.121,143.616,128.723
0.334,3.262,2.848,-150.391,317.810,-8.972
0.859,4.000,0.777,-112.915,296.326,-165.649
0.334,3.890,0.129,-37.109,228.516,-351.440
-0.502,2.713,-0.639,-0.366,94.910,-604.370
-1.382,0.156,-1.559,-128.357,25.635,-629.333
-2.201,-4.000,-1.110,-218.018,-41.199,-551.453
-2.084,-4.000,-0.441,-228.577,-70.801,-407.959
-1.750,-4.000,-0.290,-227.112,-37.598,-135.864
-0.812,-2.744,-0.760,-181.091,-39.551,-26.367
-0.399,-1.573,-0.111,-101.074,-69.092,46.265
-0.002,-0.349,0.723,10.254,-96.252,69.519
0.369,0.710,1.197,39.429,-84.595,37.109
0.864,1.785,1.158,67.078,-75.684,-13.367
0.876,1.534,1.075,72.937,-76.233,-74.036
0.752,1.008,0.972,41.504,-88.806,-166.382
0.328,0.703,0.749,36.621,-94.421,-190.857
0.057,0.921,0.605,33.386,-95.398,-218.872
-0.224,1.019,0.325,14.099,-92.224,-317.444
-0.486,0.784,-0.079,-3.967,-110.291,-369.141
-0.900,-0.981,-0.556,-26.123,-150.085,-399.902
-1.025,-2.506,-0.413,-56.824,-203.613,-388.123
-1.157,-3.351,0.123,-44.678,-294.495,-192.322
-1.425,-1.945,1.712,-11.719,-290.405,-81.360
-1.406,-1.159,2.002,-9.399,-244.568,-19.836
-1.258,-0.889,1.716,-42.114,-117.493,-1.404
-1.044,-0.917,1.032,-26.672,-88.928,4.272
-0.781,-1.155,-0.074,-0.244,-99.976,19.592
-0.836,-1.286,-0.053,15.137,-140.991,42.969
-0.987,-1.330,0.327,-8.606,-231.140,102.356
-1.312,-1.042,1.937,-37.598,-240.479,129.272
-1.323,-0.861,2.453,-73.242,-206.543,147.034
-1.215,-0.802,2.348,-129.700,-64.331,159.729
-1.049,-0.838,1.736,-120.483,-15.625,171.143
-0.785,-0.576,0.374,-85.815,-5.310,190.063
-0.739,-0.245,0.171,-45.715,-29.114,206.665
-0.755,0.007,0.397,-12.390,-106.445,200.378
-0.871,-0.109,1.406,-31.921,-121.887,181.519
-0.901,-0.398,1.714,-70.984,-109.863,163.574
-0.911,-0.658,1.756,-155.334,-32.471,161.682
-0.918,-0.754,1.598,-166.321,4.700,176.392
-0.873,-0.406,1.110,-143.005,26.794,192.200
-0.802,-0.048,0.998,-94.971,33.813,202.148
-0.700,0.200,0.921,-17.639,27.832,181.946
-0.544,-0.021,0.873,-11.047,19.836,159.790
-0.534,-0.347,0.915,-18.738,12.024,142.395
-0.556,-0.671,0.978,-50.415,9.277,144.348
-0.605,-0.857,1.076,-64.697,18.555,163.208
-0.662,-0.235,1.226,-70.435,37.903,180.786
-0.585,0.227,1.108,-66.162,63.477,180.298
-0.452,0.365,0.872,-48.096,87.341,123.352
-0.248,-0.312,0.473,-37.109,74.280,98.328
-0.247,-0.584,0.527,-18.677,49.927,93.933
-0.298,-0.557,0.800,31.982,11.353,119.751
-0.354,-0.335,1.130,44.556,16.235,121.643
-0.351,-0.018,1.362,46.936,34.485,110.168
-0.301,0.015,1.297,42.175,55.481,91.553
-0.245,0.000,1.201,14.221,83.618,49.744
-0.147,-0.354,0.840,-0.305,86.548,31.982
-0.135,-0.622,0.767,-5.188,79.407,24.231
-0.150,-0.685,0.861,19.409,58.044,46.814
-0.167,-0.521,1.021,29.907,58.777,55.786
-0.154,-0.228,1.133,29.541,67.383,52.551
-0.129,-0.256,1.040,21.240,78.430,41.809
-0.105,-0.365,0.905,4.150,87.097,22.705
-0.071,-0.611,0.785,9.521,82.642,22.888
-0.064,-0.580,0.831,21.729,75.378,30.212
-0.067,-0.518,0.919,26.733,64.087,38.818
-0.077,-0.487,1.006,22.339,66.101,37.048
-0.074,-0.469,1.041,19.836,72.998,33.936
-0.063,-0.465,1.036,15.625,80.811,30.273
-0.054,-0.473,1.022,-8.972,92.407,21.240
-0.036,-0.583,0.941,-16.907,96.680,18.494
-0.021,-0.663,0.889,-18.188,99.304,19.409
