aX,aY,aZ,gX,gY,gZ
0.569,-0.370,2.741,-126.099,49.622,49.927
0.443,-0.165,2.833,-127.197,82.458,41.931
0.186,-0.086,2.527,3.845,169.373,15.442
-0.218,0.051,1.379,54.199,189.087,30.334
-0.195,0.241,0.980,48.767,177.734,54.443
-0.147,0.577,0.812,-149.231,114.197,50.110
-0.148,1.092,0.834,-227.051,106.812,4.517
-0.637,1.811,-0.156,-208.740,135.620,-60.669
-1.125,1.854,-2.064,-98.083,174.499,-118.103
-1.406,2.148,-3.803,120.483,39.368,-124.756
-0.887,2.121,-3.747,74.890,-148.071,-134.766
-0.575,1.010,-2.328,-8.179,-318.909,-168.335
-0.376,-0.743,-0.762,-77.393,-420.471,-123.596
-0.208,-2.372,0.984,-145.325,-396.240,33.569
-0.107,-1.060,4.000,-149.963,-339.111,226.074
-0.245,0.776,4.000,-25.696,-260.864,325.256
-0.142,1.259,4.000,51.147,-97.656,47.058
0.439,-0.668,3.496,7.996,-18.311,-101.624
0.433,-0.653,2.972,49.438,51.941,-129.761
0.280,-0.258,2.143,319.397,168.518,-78.918
0.140,-0.075,1.201,366.516,174.499,-57.129
0.042,0.080,0.416,306.335,137.817,-26.733
0.034,0.212,0.641,192.261,87.219,0.610
0.053,0.258,0.905,32.410,42.114,8.850
0.098,0.106,0.984,12.573,33.508,3.662
0.077,0.074,0.980,2.319,16.724,4.272
0.036,0.110,1.011,43.579,-16.357,9.949
-0.029,0.201,0.949,111.694,-21.851,8.301
-0.034,0.224,0.886,172.974,-26.184,1.465
-0.033,0.186,0.858,213.745,-32.471,-9.216
-0.025,0.128,0.864,196.045,-45.898,-20.020
0.007,0.078,0.889,156.677,-45.959,-21.118
0.017,0.075,0.897,119.202,-38.330,-22.644
0.018,0.092,0.872,14.526,-14.343,-26.062
0.030,0.066,0.840,-61.951,-10.437,-27.222
0.035,0.060,0.855,-128.052,-11.963,-23.865
0.036,0.122,0.867,-177.002,-13.245,-9.033
0.030,0.219,0.859,-174.072,-8.667,-9.888
0.014,0.269,0.769,-179.687,-5.676,-15.320
0.015,0.255,0.760,-191.467,-7.385,-20.935
0.022,0.233,0.780,-174.194,-10.132,-29.114
0.011,0.211,0.823,-137.878,-9.033,-30.151
-0.004,0.207,0.908,-80.444,-9.521,-28.259
-0.020,0.217,0.962,10.925,-9.949,-21.179
-0.033,0.214,0.974,5.981,-12.451,-22.278
-0.057,0.174,1.050,-3.845,-14.587,-25.391
-0.075,0.198,1.071,0.854,-11.658,-29.053
-0.076,0.204,1.039,17.334,1.465,-41.016
-0.050,0.119,1.017,5.188,2.869,-44.800
-0.049,0.107,1.076,-14.099,2.502,-44.250
-0.050,0.124,1.096,-29.053,12.634,-40.283
-0.049,0.163,1.058,-25.146,18.860,-40.039
-0.038,0.233,0.939,-20.935,21.851,-40.955
-0.035,0.276,0.912,-17.944,21.606,-42.542
-0.031,0.305,0.916,-23.743,16.663,-50.354
-0.041,0.349,0.952,-30.640,14.587,-54.443
-0.043,0.343,0.975,-32.959,12.756,-58.228
-0.037,0.321,0.972,-10.742,12.939,-63.354
-0.026,0.312,0.916,-1.343,12.878,-65.369
-0.008,0.312,0.804,-2.319,9.460,-67.627
-0.009,0.326,0.798,-10.254,3.845,-70.557
-0.003,0.291,0.809,-26.489,-6.531,-79.102
0.006,0.204,0.903,-29.114,-8.911,-79.285
-0.005,0.234,0.903,-26.855,-8.179,-76.965
-0.012,0.267,0.868,-17.944,-7.019,-76.782
-0.008,0.265,0.833,-19.653,-9.705,-78.735
0.000,0.225,0.858,-23.865,-13.000,-79.346
-0.003,0.218,0.856,-26.245,-14.832,-78.796
-0.004,0.200,0.830,-11.902,-16.174,-77.820
-0.003,0.158,0.801,6.226,-17.456,-77.454
0.001,0.125,0.808,22.827,-19.165,-77.209
0.009,0.073,0.830,28.381,-24.048,-75.684
0.021,0.017,0.861,22.705,-25.757,-72.571
0.031,0.013,0.840,21.484,-25.879,-68.970
0.030,0.027,0.801,26.917,-26.550,-66.833
0.030,0.033,0.775,39.307,-34.973,-66.528
0.031,-0.024,0.778,33.203,-41.992,-67.261
0.030,-0.055,0.788,23.499,-48.462,-67.200
0.032,-0.087,0.792,14.343,-56.946,-65.308
0.038,-0.125,0.805,15.625,-59.204,-62.927
0.042,-0.156,0.808,17.151,-60.303,-59.021
0.038,-0.145,0.806,14.465,-62.256,-54.138
0.027,-0.131,0.833,-2.136,-70.007,-44.189
-0.006,-0.104,0.924,-5.676,-72.266,-39.917
-0.027,-0.070,0.938,-0.183,-71.960,-36.255
-0.046,-0.046,0.933,20.264,-70.923,-31.738
-0.064,-0.038,0.943,25.940,-71.716,-29.907
-0.074,-0.070,0.960,29.480,-71.716,-28.442
-0.073,-0.096,0.954,30.334,-71.594,-27.222
-0.068,-0.145,0.960,22.949,-72.449,-24.048
-0.072,-0.226,0.973,19.409,-71.167,-19.470
-0.086,-0.216,0.969,19.043,-69.031,-12.878
-0.110,-0.194,0.982,24.902,-66.528,0.488
-0.129,-0.179,1.017,30.945,-64.575,5.371
-0.128,-0.228,1.020,37.476,-61.829,8.911
-0.124,-0.255,0.973,41.992,-59.204,11.475
-0.117,-0.309,0.940,40.222,-58.533,16.357
-0.142,-0.357,0.993,36.499,-60.059,23.560
-0.169,-0.321,1.050,34.668,-60.547,32.410
-0.197,-0.264,1.112,28.992,-57.678,46.448
-0.222,-0.196,1.157,25.085,-53.650,49.377
-0.256,-0.133,1.130,21.729,-49.622,49.438
-0.267,-0.147,1.125,16.418,-47.913,49.316
-0.286,-0.145,1.165,5.615,-47.729,54.199
-0.321,-0.094,1.213,6.409,-43.945,55.603
-0.326,-0.109,1.198,5.981,-39.490,55.359
-0.330,-0.125,1.202,0.061,-32.837,57.861
-0.340,-0.123,1.210,-0.488,-28.198,60.791
-0.382,-0.044,1.205,0.488,-23.193,63.538
-0.398,0.000,1.182,3.479,-18.494,64.087
-0.400,0.002,1.141,6.714,-12.939,57.739
-0.385,-0.076,1.112,3.845,-12.634,55.603
-0.386,-0.087,1.120,0.000,-12.329,56.091
-0.396,-0.069,1.127,-8.179,-9.460,59.204
-0.403,-0.050,1.125,-10.193,-7.446,59.387
-0.408,-0.039,1.109,-9.888,-5.310,59.204
-0.411,-0.042,1.106,-7.263,-3.052,58.960
-0.413,-0.054,1.110,-3.296,1.526,58.472
-0.424,-0.049,1.134,-4.456,3.662,59.082
-0.430,-0.017,1.134,-5.615,6.287,59.448
-0.432,0.008,1.131,-11.353,10.803,55.847
-0.428,0.008,1.130,-18.066,12.268,53.040
-0.411,-0.050,1.131,-24.170,14.587,50.903
-0.408,-0.050,1.108,-25.696,18.433,49.927
-0.405,-0.040,1.086,-18.127,26.611,47.363
-0.390,-0.049,1.081,-13.855,29.785,46.082
-0.383,-0.052,1.082,-12.695,32.532,45.959
-0.377,-0.050,1.076,-14.038,38.574,45.959
-0.370,-0.047,1.055,-13.550,41.809,45.227
-0.361,-0.024,1.018,-13.794,44.006,44.678
-0.357,-0.004,1.010,-15.503,45.105,44.373
-0.352,0.010,1.019,-22.949,44.678,42.786
-0.337,0.022,1.039,-26.917,44.983,41.687
-0.326,0.024,1.039,-28.015,46.143,40.405
-0.316,0.039,1.042,-21.606,49.683,38.330
-0.309,0.063,1.057,-20.386,52.307,36.682
-0.300,0.097,1.087,-23.682,55.359,34.302
-0.281,0.077,1.100,-31.311,57.800,31.006
-0.258,0.048,1.123,-43.457,64.880,25.879
-0.244,0.092,1.083,-42.114,71.777,24.780
-0.241,0.144,1.038,-38.635,77.087,23.132
-0.225,0.168,1.012,-31.860,78.064,16.052
-0.200,0.161,0.999,-25.696,76.965,12.329
-0.158,0.158,0.970,-20.081,76.233,9.155
-0.141,0.167,0.946,-18.738,75.745,5.676
-0.124,0.165,0.927,-22.034,72.144,-1.465
-0.100,0.170,0.935,-22.644,69.214,-3.357
-0.097,0.193,0.926,-22.705,66.406,-5.066
-0.091,0.203,0.914,-28.809,57.922,-12.817
-0.079,0.182,0.929,-33.936,53.406,-17.456
-0.229,-0.868,2.730,-75.134,121.826,114.014
-0.453,-0.368,2.509,-70.618,191.528,156.799
-0.547,0.044,1.936,-143.311,277.405,167.725
-0.402,0.186,1.353,-227.844,274.048,148.804
-0.396,0.293,1.351,-308.411,276.001,133.789
-0.566,0.225,1.002,-396.912,408.081,114.624
-0.858,0.300,-0.584,-335.632,501.526,139.160
0.086,2.910,-4.000,-124.146,462.585,157.043
0.672,4.000,-4.000,156.799,198.059,112.000
0.071,4.000,-4.000,333.984,-546.753,-202.942
-2.317,-0.689,-0.763,56.519,-741.272,-328.186
-2.668,-3.518,2.361,-400.940,-802.551,-245.422
-2.747,-2.655,4.000,-573.242,-532.593,343.506
-2.733,1.105,4.000,-282.715,-201.782,308.777
-1.226,1.815,3.900,-242.065,51.147,-13.733
-0.318,-0.221,3.841,-429.199,96.069,-272.461
0.052,-0.384,3.543,-316.528,123.291,-146.423
-0.013,1.106,0.966,-58.472,218.811,-71.899
0.121,0.816,0.000,36.255,260.193,-79.834
0.323,0.288,-0.197,-150.391,192.261,-92.896
0.418,0.105,0.024,-210.144,171.692,-58.594
0.247,0.582,0.008,-214.966,175.415,-28.748
0.170,0.741,-0.202,-209.778,179.749,-17.761
0.148,0.755,-0.371,-220.032,157.837,-27.405
0.189,0.620,-0.715,-228.821,137.939,-27.283
0.199,0.585,-0.737,-248.535,111.938,-18.494
0.211,0.599,-0.731,-263.306,66.650,7.812
0.206,0.569,-0.729,-246.460,49.744,21.057
0.159,0.608,-0.898,-240.723,33.203,36.926
0.137,0.684,-0.944,-237.061,12.878,47.852
0.145,0.678,-0.961,-199.036,-27.527,44.617
0.167,0.560,-0.839,-193.359,-47.729,44.128
0.147,0.605,-0.605,-178.894,-62.073,49.194
0.104,0.719,-0.468,-87.891,-50.598,59.753
0.057,0.852,-0.462,-63.782,-44.312,57.678
0.024,0.940,-0.495,-61.890,-44.861,51.819
0.022,0.943,-0.530,-67.017,-48.645,47.852
0.014,0.976,-0.553,-73.120,-64.819,49.072
-0.004,1.043,-0.440,-68.665,-75.195,50.110
-0.008,1.070,-0.312,-61.096,-82.886,50.476
-0.009,1.116,-0.193,-54.993,-81.299,44.678
-0.012,1.140,-0.210,-56.274,-75.989,35.950
0.021,0.987,-0.408,-62.500,-77.454,27.893
0.048,0.905,-0.433,-77.026,-84.534,26.001
0.067,0.864,-0.417,-120.422,-98.694,38.757
0.096,0.865,-0.371,-136.230,-101.624,46.204
0.120,0.821,-0.381,-150.208,-102.661,50.598
0.145,0.736,-0.404,-158.813,-101.013,58.533
0.163,0.658,-0.439,-134.521,-99.182,66.223
0.182,0.639,-0.334,-97.473,-96.985,73.792
0.182,0.714,-0.222,-67.688,-90.698,79.773
0.177,0.828,-0.159,-9.460,-63.110,73.364
0.158,0.785,-0.346,19.226,-49.744,61.096
0.155,0.692,-0.467,30.823,-45.349,54.199
0.160,0.612,-0.509,3.235,-61.646,64.941
0.164,0.561,-0.485,-22.888,-72.083,78.674
0.149,0.704,-0.196,-38.818,-76.843,91.736
0.133,0.861,-0.058,-33.569,-71.350,97.107
0.112,0.978,-0.034,5.432,-40.527,77.271
0.085,0.869,-0.303,9.399,-30.457,63.660
0.100,0.738,-0.379,1.526,-30.457,57.617
0.111,0.689,-0.343,-10.742,-41.443,69.946
0.102,0.759,-0.257,-6.531,-40.039,76.294
0.058,0.825,-0.258,5.066,-33.875,76.660
0.039,0.812,-0.299,16.846,-27.832,76.050
0.021,0.819,-0.326,30.396,-21.973,78.125
-0.001,0.861,-0.302,29.236,-21.851,77.820
0.004,0.854,-0.249,30.334,-21.790,75.806
0.015,0.835,-0.211,49.683,-15.015,71.960
0.021,0.820,-0.199,58.777,-10.193,70.923
0.017,0.781,-0.175,57.434,-7.080,71.228
0.019,0.771,-0.124,42.480,-6.531,73.303
0.016,0.773,-0.073,7.568,-2.930,79.041
-0.038,0.891,-0.070,5.127,3.174,80.383
-0.075,0.934,-0.140,10.681,10.437,78.491
-0.099,0.946,-0.184,9.888,17.029,72.693
-0.102,0.957,-0.168,1.404,18.005,71.289
-0.087,0.985,-0.021,0.122,20.203,68.848
-0.097,0.989,0.002,7.507,25.696,65.125
-0.132,0.991,-0.068,16.174,41.382,60.303
-0.226,1.079,-0.255,9.216,44.617,59.570
-0.260,1.123,-0.301,0.366,44.861,56.946
-0.275,1.136,-0.332,-10.925,42.786,46.753
-0.269,1.115,-0.326,-9.399,41.626,41.687
-0.246,1.039,-0.291,-1.587,42.297,38.086
-0.259,1.033,-0.318,8.118,44.617,36.377
-0.283,1.051,-0.369,12.512,47.058,35.217
-0.321,1.105,-0.398,13.672,45.715,33.020
-0.321,1.112,-0.355,19.592,44.189,28.931
-0.306,1.088,-0.300,32.776,45.105,18.127
-0.284,1.035,-0.254,31.799,47.791,14.954
-0.288,0.958,-0.311,22.400,50.842,14.954
-0.308,0.966,-0.346,10.132,50.964,17.212
-0.321,0.993,-0.322,-1.404,45.105,19.958
-0.330,1.002,-0.274,-4.944,45.288,18.555
-0.339,0.986,-0.292,-11.047,47.302,16.357
-0.351,0.970,-0.324,-18.494,49.194,13.367
-0.364,0.957,-0.360,-16.174,47.913,13.000
-0.383,0.958,-0.395,-11.536,46.204,12.695
-0.382,0.950,-0.381,-7.446,44.739,12.024
-0.375,0.948,-0.337,-4.028,43.640,10.681
-0.386,0.977,-0.258,-2.808,45.471,9.338
-0.405,0.992,-0.274,-2.014,48.035,7.263
-0.418,0.990,-0.297,-1.831,47.974,2.075
-0.421,0.972,-0.302,-1.465,46.021,0.244
-0.419,0.975,-0.263,-0.183,44.678,-0.854
-0.419,0.991,-0.241,2.930,44.556,-2.441
-0.421,0.997,-0.246,8.728,46.997,-7.446
-0.427,0.995,-0.278,8.057,46.753,-9.338
-0.426,1.019,-0.245,4.517,45.166,-10.498
-0.429,1.046,-0.216,-1.404,45.471,-15.198
-0.453,1.037,-0.280,-1.282,46.265,-19.287
-0.456,1.020,-0.304,-2.075,44.800,-22.339
-0.452,1.022,-0.294,-5.005,41.931,-23.682
-0.443,1.025,-0.271,-0.732,38.574,-28.015
-0.429,1.000,-0.274,2.563,39.185,-30.334
-0.427,0.997,-0.297,0.977,39.734,-31.494
-0.427,0.995,-0.316,-10.193,37.415,-33.020
-0.416,0.960,-0.325,-12.451,35.034,-34.119
-0.403,0.929,-0.329,-11.169,32.898,-35.034
-0.391,0.906,-0.326,-10.010,29.541,-34.241
-0.379,0.897,-0.307,-11.230,28.809,-33.875
-0.369,0.893,-0.306,-9.155,29.053,-34.363
-0.362,0.884,-0.317,-3.601,28.748,-35.583
-0.352,0.866,-0.321,0.305,24.292,-36.133
-0.325,0.841,-0.286,-5.432,21.423,-34.302
-0.316,0.836,-0.267,-10.681,19.531,-32.227
-0.311,0.835,-0.250,-10.437,18.799,-28.931
-0.309,0.841,-0.240,-9.583,19.714,-27.588
-0.309,0.853,-0.258,-10.132,20.691,-26.672
-0.308,0.863,-0.268,-10.437,20.996,-26.306
-0.302,0.871,-0.259,-7.690,19.714,-27.222
-0.297,0.858,-0.284,-5.127,19.409,-27.710
-0.293,0.847,-0.311,-3.601,18.433,-27.405
-0.286,0.843,-0.314,-4.028,13.794,-24.536
-0.283,0.857,-0.298,-6.287,12.878,-22.949
-0.288,0.890,-0.309,-7.812,13.489,-22.522
-0.285,0.892,-0.328,-7.507,13.855,-22.827
-0.281,0.901,-0.330,-4.333,11.292,-23.132
-0.275,0.912,-0.322,-3.723,9.705,-23.804
-0.264,0.896,-0.318,-3.601,8.179,-24.780
-0.257,0.896,-0.310,-1.770,6.165,-25.269
-0.249,0.911,-0.303,0.977,5.920,-26.001
-0.227,0.914,-0.299,4.517,5.371,-26.855
-0.224,0.925,-0.288,8.057,4.456,-26.917
-0.226,0.946,-0.275,13.123,3.906,-27.100
-0.221,0.936,-0.281,13.794,4.150,-28.259
-0.213,0.917,-0.284,11.230,3.967,-28.870
-0.210,0.918,-0.282,8.911,3.601,-28.442
-0.211,0.930,-0.281,13.367,3.784,-29.114
1.600,-4.000,-4.000,189.148,-42.969,-54.199
0.421,-2.896,-3.579,399.536,-236.694,236.328
-0.912,-1.335,-0.908,579.773,-558.044,495.666
-2.186,1.562,4.000,645.264,-420.715,499.451
-2.551,3.404,4.000,676.086,-114.929,458.435
-2.519,4.000,3.242,297.302,203.064,32.166
-1.915,3.048,2.345,-34.973,33.447,-196.228
-0.288,0.180,3.385,-225.037,-84.778,-262.024
0.071,0.260,2.461,-207.336,-16.846,-200.378
0.198,0.829,0.790,48.157,196.289,-93.689
0.467,0.686,-0.840,78.308,180.725,-104.736
0.555,0.406,-0.781,42.175,127.441,-105.835
0.560,0.375,-0.586,-39.001,51.392,-57.800
0.504,0.436,-0.398,-38.818,38.879,-35.828
0.333,0.694,-0.194,-9.949,34.302,-15.686
0.240,0.944,-0.255,15.320,28.870,-1.160
0.175,1.093,-0.303,-17.578,-14.465,-17.212
0.154,0.980,-0.085,-31.494,-42.847,-32.959
0.173,0.929,0.032,-28.259,-62.927,-40.833
0.189,0.909,0.068,0.366,-74.951,-44.983
0.203,0.879,-0.023,35.461,-77.576,-45.837
0.238,0.746,-0.117,78.125,-87.646,-45.349
0.228,0.720,0.020,109.009,-101.929,-42.358
0.211,0.687,0.202,130.188,-119.934,-38.025
0.201,0.570,0.444,147.644,-119.507,-36.255
0.194,0.599,0.439,162.537,-115.601,-32.471
0.194,0.612,0.484,149.963,-115.784,-35.400
0.205,0.557,0.557,144.409,-114.197,-40.283
0.214,0.447,0.571,151.367,-111.389,-42.908
0.203,0.437,0.549,166.565,-110.718,-44.617
0.196,0.401,0.560,179.382,-118.286,-51.086
0.202,0.161,0.858,174.133,-121.582,-51.147
0.198,0.076,1.063,171.753,-117.615,-44.250
0.190,0.081,1.146,236.084,-82.520,-20.203
0.179,0.163,1.017,273.987,-66.528,-14.343
0.159,0.336,0.763,284.119,-63.904,-16.663
0.149,0.314,0.823,264.038,-69.763,-23.926
0.142,0.259,0.914,227.722,-73.975,-34.363
0.149,0.172,0.920,217.834,-70.740,-35.095
0.140,0.155,0.927,194.458,-70.801,-33.569
0.113,0.138,0.998,120.483,-76.294,-29.175
0.097,0.110,1.061,100.769,-73.303,-27.222
0.109,-0.003,1.024,95.764,-69.458,-24.719
0.113,-0.010,0.995,102.600,-67.322,-20.813
0.110,0.025,0.955,111.938,-66.406,-17.029
0.082,0.012,0.920,91.736,-69.397,-20.691
0.068,-0.068,0.950,66.345,-72.998,-24.292
0.052,-0.123,0.998,60.974,-71.716,-18.555
0.034,-0.118,1.013,74.951,-66.956,-12.512
-0.003,-0.088,1.029,77.209,-65.369,-8.606
-0.018,-0.106,1.057,64.758,-65.796,-6.958
-0.032,-0.121,1.060,33.997,-63.599,-6.470
-0.048,-0.174,1.016,34.851,-61.951,-6.531
-0.050,-0.225,0.979,48.035,-61.340,-5.493
-0.054,-0.264,0.975,92.224,-62.805,4.333
-0.073,-0.255,1.013,101.746,-62.073,10.986
-0.121,-0.155,1.063,97.900,-58.899,14.526
-0.119,-0.163,1.025,93.262,-54.626,14.038
-0.103,-0.205,0.968,100.830,-51.880,10.437
-0.082,-0.315,0.896,104.004,-54.321,9.766
-0.082,-0.360,0.894,98.816,-57.739,9.827
-0.090,-0.399,0.892,78.796,-61.462,13.062
-0.109,-0.413,0.892,80.933,-62.622,17.334
-0.160,-0.404,0.950,93.994,-63.660,22.522
-0.187,-0.367,0.974,110.840,-63.477,27.161
-0.203,-0.356,0.965,131.714,-59.937,26.917
-0.213,-0.452,0.891,135.620,-60.059,24.780
-0.228,-0.510,0.885,138.306,-62.500,24.597
-0.275,-0.501,0.946,130.615,-70.251,31.982
-0.340,-0.422,1.047,131.775,-69.946,32.349
-0.383,-0.358,1.100,140.686,-66.040,27.344
-0.358,-0.430,1.045,145.020,-61.401,19.836
-0.320,-0.517,0.945,131.836,-56.519,10.986
-0.271,-0.660,0.769,122.070,-57.739,11.414
-0.283,-0.686,0.765,114.685,-60.669,14.465
-0.320,-0.684,0.801,98.389,-64.941,21.301
-0.357,-0.680,0.828,96.985,-64.941,22.888
-0.378,-0.660,0.814,96.436,-64.209,23.254
-0.372,-0.669,0.778,88.379,-62.805,22.095
-0.373,-0.709,0.741,52.246,-61.035,20.935
-0.445,-0.793,0.804,39.917,-61.401,24.902
-0.488,-0.767,0.867,39.612,-61.157,31.372
-0.507,-0.734,0.922,49.683,-56.824,35.828
-0.510,-0.725,0.939,46.936,-50.537,33.752
-0.485,-0.814,0.854,38.940,-44.312,31.921
-0.480,-0.855,0.829,31.555,-39.978,33.447
-0.484,-0.838,0.825,34.729,-34.302,45.349
-0.476,-0.748,0.807,41.931,-30.884,48.828
-0.453,-0.750,0.760,50.232,-26.733,48.889
-0.432,-0.786,0.724,62.073,-22.522,48.950
-0.427,-0.810,0.729,63.171,-21.545,52.002
-0.441,-0.793,0.775,60.181,-19.287,54.504
-0.441,-0.790,0.771,56.580,-15.625,55.298
-0.435,-0.804,0.751,50.659,-10.742,56.641
-0.416,-0.820,0.721,49.805,-10.925,58.228
-0.406,-0.820,0.719,52.429,-11.292,59.937
-0.401,-0.807,0.710,64.514,-9.155,62.134
-0.394,-0.781,0.692,63.599,-7.751,59.753
-0.361,-0.785,0.641,56.091,-5.127,56.213
-0.338,-0.787,0.575,44.434,-2.014,54.016
-0.324,-0.788,0.545,22.705,-4.395,49.500
-0.309,-0.828,0.566,17.090,-5.676,49.072
-0.304,-0.805,0.560,12.390,-5.188,50.720
-0.298,-0.760,0.554,-5.188,-5.676,46.265
-0.291,-0.755,0.576,-10.498,-4.639,42.053
-0.281,-0.779,0.574,-12.268,-2.380,39.307
-0.272,-0.808,0.569,-12.085,-0.549,38.025
-0.261,-0.825,0.568,-3.479,0.977,41.138
-0.252,-0.802,0.598,5.188,1.465,44.556
-0.257,-0.790,0.652,13.489,2.869,47.302
-0.254,-0.794,0.671,22.583,11.902,49.438
-0.226,-0.827,0.612,24.719,14.648,49.011
-0.217,-0.836,0.599,26.184,14.954,49.316
-0.212,-0.815,0.598,26.306,14.221,50.781
-0.204,-0.804,0.622,24.597,13.916,50.049
-0.184,-0.793,0.624,23.315,16.541,48.706
-0.176,-0.790,0.604,19.958,19.409,46.692
-0.166,-0.803,0.574,7.446,22.217,39.917
-0.147,-0.839,0.554,1.587,21.606,37.048
-0.144,-0.851,0.572,-3.845,21.057,35.217
-0.135,-0.841,0.573,-9.155,23.560,34.058
-0.123,-0.834,0.558,-7.385,25.513,33.020
-0.106,-0.896,0.526,-2.808,26.611,33.020
-0.104,-0.933,0.525,3.052,26.733,35.278
-0.105,-0.950,0.529,16.052,27.039,42.603
-0.098,-0.911,0.535,18.860,27.344,44.739
-0.086,-0.898,0.530,14.099,26.978,43.579
-0.067,-0.923,0.517,-8.728,26.001,37.292
-0.045,-0.952,0.489,-16.113,25.330,37.659
-0.024,-0.941,0.484,-19.226,23.560,39.368
-0.023,-0.926,0.515,-17.883,21.790,40.710
-0.022,-0.919,0.546,-1.831,25.024,43.030
-0.017,-0.913,0.541,0.732,28.076,44.006
-0.009,-0.921,0.531,-7.080,29.175,43.274
0.004,-0.930,0.522,-26.855,30.396,41.565
0.019,-0.928,0.506,-25.879,31.738,43.762
0.035,-0.887,0.517,-16.602,30.762,46.936
0.038,-0.841,0.579,-4.456,28.442,49.866
0.042,-0.803,0.635,-4.944,30.457,49.194
0.065,-0.816,0.643,-18.921,35.156,45.776
0.083,-0.848,0.592,-30.396,41.199,43.823
0.101,-0.847,0.519,-22.766,44.617,48.340
0.112,-0.811,0.507,-2.930,38.940,51.086
0.112,-0.700,0.641,13.855,34.058,51.880
0.109,-0.688,0.701,19.104,32.471,48.950
0.104,-0.700,0.750,5.005,39.063,37.903
0.112,-0.753,0.720,-8.728,46.387,32.471
0.124,-0.821,0.650,-19.104,52.551,28.442
0.135,-0.865,0.605,3.540,54.443,34.485
0.140,-0.837,0.606,19.348,53.162,39.551
-0.178,-1.204,2.501,-88.196,51.636,118.408
-0.314,-0.701,2.615,-66.589,97.107,167.175
-0.352,-0.214,2.542,-76.538,195.007,176.025
-0.099,-0.215,1.748,-118.469,249.023,145.569
0.182,-0.516,0.595,-123.352,306.885,129.272
0.606,-0.417,-1.529,21.240,352.356,240.601
1.083,1.025,-3.639,78.857,220.459,314.209
1.210,4.000,-4.000,91.858,-29.114,247.986
0.514,3.801,-3.308,53.040,-276.611,12.573
-0.369,1.587,-1.670,-76.233,-519.897,-328.430
-1.561,-3.021,3.013,-161.743,-538.391,-240.356
-1.824,-2.504,4.000,-227.051,-480.957,-48.218
-1.813,-0.474,4.000,-203.674,-92.285,139.832
-1.478,0.865,4.000,-185.242,71.777,35.400
-0.418,-0.395,3.021,-177.124,133.240,-73.181
-0.062,-0.704,2.374,-140.381,157.166,-94.971
0.137,-0.251,1.656,-0.366,215.942,4.211
0.410,0.718,0.299,15.198,232.910,22.278
0.538,0.691,-0.204,-26.184,224.487,12.817
0.619,0.563,-0.359,-153.320,141.357,-8.057
0.633,0.466,-0.186,-189.880,102.661,-7.507
0.557,0.384,0.255,-190.796,82.886,-0.732
0.517,0.472,0.267,-167.175,75.562,10.071
0.483,0.629,0.229,-126.648,56.274,21.729
0.468,0.877,0.220,-146.179,42.603,16.235
0.475,0.870,0.198,-204.590,28.259,6.836
0.475,0.828,0.213,-374.573,-8.057,-0.793
0.465,0.777,0.282,-427.368,-18.066,2.625
0.434,0.841,0.271,-436.279,-19.104,9.460
0.428,0.947,0.169,-391.968,-15.747,11.597
0.440,0.955,0.018,-209.229,-10.193,-8.545
0.492,0.819,-0.248,-140.503,-15.320,-15.137
0.489,0.782,-0.265,-94.360,-27.710,-14.832
0.468,0.782,-0.182,-53.650,-57.800,-6.836
0.445,0.768,-0.034,-34.180,-63.416,-5.493
0.409,0.746,0.121,-6.042,-61.035,-4.150
0.390,0.746,0.091,20.264,-56.946,-3.052
0.374,0.722,0.065,55.969,-63.416,-2.991
0.359,0.673,0.139,68.787,-72.754,-1.831
0.357,0.669,0.228,74.890,-81.543,-1.038
0.357,0.674,0.304,72.510,-86.304,-3.174
0.358,0.684,0.348,61.707,-84.839,-5.005
0.364,0.658,0.438,52.246,-83.008,-7.019
0.366,0.638,0.442,48.950,-79.895,-8.850
0.365,0.628,0.393,34.058,-76.843,-9.949
0.367,0.585,0.352,23.499,-81.055,-10.071
0.370,0.547,0.406,19.470,-86.548,-9.338
0.370,0.520,0.493,34.973,-90.149,-3.113
0.363,0.520,0.586,40.710,-85.449,1.343
0.332,0.623,0.647,40.100,-77.454,4.639
0.322,0.672,0.592,36.438,-69.458,5.005
0.322,0.696,0.523,21.545,-64.575,-0.244
0.325,0.697,0.491,7.263,-67.322,-2.441
0.331,0.670,0.501,-5.493,-69.946,-3.601
0.342,0.630,0.517,-5.310,-72.693,-0.549
0.354,0.608,0.538,6.958,-72.144,3.418
0.360,0.612,0.600,20.386,-69.641,7.202
0.352,0.631,0.606,29.175,-65.552,10.193
0.337,0.661,0.586,21.606,-61.340,12.756
0.304,0.672,0.564,8.118,-63.416,12.146
0.293,0.641,0.586,-4.028,-66.528,12.085
0.286,0.617,0.615,-5.798,-68.604,16.479
0.283,0.599,0.644,1.465,-67.627,19.470
0.281,0.587,0.693,8.240,-65.002,22.461
0.278,0.589,0.673,12.207,-61.096,25.208
0.271,0.603,0.662,6.226,-58.472,30.029
0.233,0.668,0.672,0.610,-58.594,31.372
0.211,0.701,0.668,-2.014,-58.472,31.372
0.192,0.718,0.677,-1.282,-57.129,30.334
0.182,0.708,0.698,3.662,-54.626,30.396
0.200,0.618,0.687,11.841,-51.453,31.372
0.215,0.563,0.674,20.447,-49.255,33.508
0.214,0.556,0.668,29.663,-48.706,41.870
0.160,0.639,0.703,30.334,-50.049,44.434
0.135,0.651,0.753,31.067,-51.086,44.434
0.128,0.618,0.782,31.494,-47.546,41.992
0.133,0.572,0.772,29.907,-45.044,43.701
0.137,0.532,0.725,28.320,-43.762,47.302
0.127,0.526,0.714,28.259,-43.884,51.270
0.110,0.521,0.724,31.250,-45.837,58.289
0.060,0.548,0.809,31.555,-45.593,62.134
0.019,0.626,0.841,29.114,-43.518,66.284
-0.012,0.683,0.850,28.381,-37.476,67.200
-0.025,0.693,0.861,31.128,-35.034,65.552
-0.030,0.627,0.877,35.461,-32.532,64.148
-0.029,0.567,0.864,40.161,-30.212,63.477
-0.034,0.520,0.859,39.124,-28.931,68.298
-0.091,0.582,0.946,34.424,-28.809,72.449
-0.127,0.654,0.995,28.259,-26.794,74.951
-0.153,0.705,1.007,17.212,-16.968,72.571
-0.161,0.719,0.993,15.930,-12.024,69.397
-0.163,0.676,0.971,16.541,-7.812,67.444
-0.178,0.696,0.971,18.127,-3.967,67.566
-0.202,0.750,0.962,19.836,2.380,67.200
-0.230,0.812,0.942,16.113,4.333,63.843
-0.222,0.771,0.937,11.292,6.042,59.326
-0.207,0.704,0.930,13.000,11.353,54.077
-0.199,0.653,0.911,16.418,14.160,54.871
-0.227,0.699,0.859,18.494,15.503,55.725
-0.246,0.725,0.865,17.761,15.076,54.932
-0.260,0.735,0.889,10.559,14.832,51.697
-0.274,0.751,0.910,9.216,17.212,50.171
-0.269,0.736,0.890,9.766,20.325,48.096
-0.259,0.709,0.872,15.747,23.621,43.457
-0.250,0.682,0.870,21.973,24.353,41.504
-0.237,0.630,0.895,30.396,25.574,40.161
-0.241,0.632,0.898,38.025,27.405,39.795
-0.247,0.644,0.889,44.128,31.006,38.940
-0.250,0.672,0.886,45.959,32.104,37.659
-0.257,0.695,0.898,47.302,33.142,36.011
-0.267,0.721,0.905,37.170,36.194,31.128
-0.272,0.733,0.912,31.067,37.964,27.954
-0.267,0.729,0.902,27.954,40.222,25.208
-0.261,0.729,0.879,27.039,42.175,22.461
-0.255,0.722,0.879,28.992,43.091,16.663
-0.249,0.702,0.914,32.715,44.250,13.977
-0.244,0.694,0.906,37.415,46.570,10.864
-0.237,0.679,0.885,42.786,50.354,3.784
-0.230,0.660,0.882,45.593,51.208,0.610
-0.207,0.604,0.916,49.805,53.101,-2.258
-0.195,0.589,0.893,50.659,55.847,-4.211
-0.185,0.590,0.858,39.307,57.129,-7.263
-0.170,0.558,0.855,37.598,55.176,-9.155
-0.168,0.543,0.885,40.039,53.650,-10.132
-0.166,0.547,0.896,41.077,54.321,-10.315
-0.164,0.564,0.894,31.006,53.955,-11.658
-0.151,0.554,0.897,17.090,52.917,-14.526
-0.140,0.528,0.901,6.470,52.124,-17.822
-0.130,0.517,0.902,2.991,53.162,-21.545
-0.109,0.542,0.882,6.714,54.260,-22.766
-0.091,0.537,0.874,11.230,54.871,-24.292
-0.070,0.509,0.865,18.250,54.443,-26.489
-0.045,0.455,0.872,14.282,53.162,-26.550
-0.046,0.472,0.867,7.080,52.063,-26.672
-0.044,0.480,0.853,0.793,51.025,-28.564
-0.038,0.462,0.854,-1.221,47.852,-34.729
-0.012,0.401,0.868,1.892,47.241,-35.889
0.005,0.385,0.861,5.859,47.363,-35.645
0.021,0.381,0.855,9.888,47.119,-33.752
0.052,0.379,0.835,10.559,46.753,-32.837
0.066,0.393,0.819,12.634,46.143,-32.288
0.082,0.386,0.808,15.137,45.044,-32.715
0.097,0.365,0.801,14.221,41.321,-33.081
0.122,0.350,0.785,10.376,38.818,-32.288
0.133,0.330,0.796,6.470,35.889,-31.616
0.138,0.317,0.811,5.371,32.166,-28.870
0.138,0.375,0.806,5.676,31.311,-27.344
0.141,0.416,0.798,3.784,29.968,-27.283
0.150,0.417,0.799,-5.371,25.208,-31.799
0.162,0.383,0.810,-5.066,23.315,-32.898
0.066,1.036,2.112,-52.368,84.656,12.695
0.060,0.997,2.139,-44.434,113.586,-4.333
0.066,0.838,2.213,-63.660,167.419,-38.940
0.005,0.648,2.066,-80.872,203.735,-44.678
-0.071,0.636,1.730,-101.379,243.958,-47.852
-0.153,0.635,1.341,-116.089,308.167,-65.674
-0.212,0.593,0.960,-87.341,333.923,-82.275
-0.170,0.049,-0.730,-14.893,370.728,-92.346
0.171,-0.425,-2.717,134.827,417.114,-73.486
0.738,0.225,-4.000,529.297,225.647,82.214
0.488,3.184,-4.000,446.106,-134.705,56.335
-0.402,1.509,-3.112,127.502,-495.850,-79.590
-1.047,-1.180,-0.742,-535.889,-688.171,-69.824
-1.433,-2.651,2.300,-823.730,-543.884,184.814
-2.154,2.428,4.000,-1054.626,-322.510,432.983
-2.104,4.000,3.541,-1131.470,-124.573,441.772
-1.584,4.000,2.357,-918.945,-110.352,-71.289
-0.281,3.141,2.039,-804.626,-176.636,-192.932
0.121,2.491,1.698,-619.080,-149.353,-206.360
0.361,1.605,0.919,-219.055,20.386,-232.849
0.525,0.595,0.132,-183.899,50.049,-240.479
0.799,-0.606,-0.197,-216.858,42.725,-216.980
0.851,-0.556,-0.006,-229.980,31.494,-168.579
0.820,-0.322,0.047,-139.160,55.115,-84.900
0.644,-0.053,-0.498,-84.412,75.317,-65.735
0.563,0.024,-0.746,-40.283,82.031,-51.331
0.502,0.193,-0.790,-2.014,62.683,-16.724
0.458,0.401,-0.766,10.681,54.871,-7.446
0.398,0.510,-0.870,21.484,48.584,-5.310
0.386,0.477,-0.918,26.855,39.673,-3.113
0.382,0.498,-0.905,41.016,16.113,6.958
0.361,0.604,-0.846,71.838,6.775,7.629
0.356,0.579,-0.821,103.333,-1.099,5.981
0.359,0.519,-0.749,51.331,-16.907,14.282
0.361,0.483,-0.666,4.761,-20.874,25.391
0.368,0.591,-0.513,-25.940,-23.621,35.889
0.371,0.679,-0.410,-39.185,-25.024,40.771
0.370,0.705,-0.369,-28.687,-17.700,34.424
0.372,0.684,-0.363,-12.939,-15.808,30.884
0.369,0.695,-0.363,10.925,-15.991,28.320
0.371,0.709,-0.367,48.096,-18.738,25.208
0.375,0.724,-0.355,43.091,-20.142,24.780
0.359,0.645,-0.439,22.217,-21.484,26.917
0.355,0.632,-0.455,-10.254,-26.428,34.119
0.357,0.644,-0.435,-59.082,-37.476,51.819
0.367,0.708,-0.399,-65.979,-39.551,56.885
0.375,0.716,-0.391,-59.875,-39.978,57.068
0.377,0.649,-0.430,-39.368,-36.377,53.284
0.372,0.555,-0.504,-41.138,-36.682,59.998
0.335,0.484,-0.652,-51.880,-40.527,71.838
0.308,0.478,-0.664,-67.200,-48.462,84.595
0.291,0.483,-0.600,-97.046,-66.101,109.802
0.281,0.675,-0.390,-97.534,-67.871,119.019
0.281,0.741,-0.356,-85.327,-64.392,119.385
0.291,0.714,-0.335,-46.387,-54.321,105.286
0.304,0.672,-0.314,-23.132,-47.607,101.318
0.292,0.636,-0.345,-4.822,-40.466,100.159
0.276,0.657,-0.354,2.197,-35.522,101.746
0.264,0.676,-0.347,-6.470,-33.020,106.873
0.263,0.701,-0.284,-15.015,-31.738,109.375
0.264,0.730,-0.260,-20.447,-27.832,111.206
0.252,0.803,-0.255,-9.766,-13.184,109.070
0.218,0.899,-0.297,0.305,-5.798,103.882
0.151,0.923,-0.448,5.432,-2.075,98.877
0.141,0.873,-0.480,6.409,-2.747,95.459
0.141,0.792,-0.451,2.808,-9.399,96.863
0.107,0.846,-0.395,-0.305,-10.437,101.990
0.078,0.943,-0.373,-4.333,-10.010,104.309
0.057,1.031,-0.351,-12.939,-3.479,95.520
0.048,1.057,-0.362,-14.709,1.343,87.708
0.068,0.980,-0.382,-13.916,4.700,81.787
0.087,0.930,-0.354,-11.719,7.080,78.186
0.100,0.893,-0.314,-14.954,13.489,76.111
0.083,0.852,-0.333,-14.343,17.395,75.500
0.067,0.854,-0.344,-8.606,18.982,74.951
0.046,0.909,-0.339,5.554,20.203,74.341
0.018,0.977,-0.344,9.766,23.132,70.496
-0.037,0.987,-0.428,11.597,26.184,64.941
-0.048,0.942,-0.454,10.559,27.588,60.364
-0.046,0.926,-0.420,2.136,26.917,57.434
-0.047,0.886,-0.349,-0.549,28.931,55.603
-0.061,0.846,-0.366,-1.404,31.921,54.687
-0.079,0.872,-0.375,5.371,34.790,57.922
-0.098,0.936,-0.364,12.756,36.316,56.335
-0.131,0.976,-0.366,17.273,38.696,52.429
-0.139,0.970,-0.371,16.052,40.894,48.645
-0.144,0.964,-0.368,9.338,43.335,42.847
-0.170,0.948,-0.381,10.254,43.701,40.161
-0.187,0.951,-0.384,12.085,43.701,38.147
-0.201,0.964,-0.382,12.878,44.312,35.889
-0.210,0.974,-0.377,13.672,44.922,34.607
-0.215,0.974,-0.334,14.709,46.204,33.081
-0.220,0.972,-0.322,15.015,48.584,31.433
-0.231,0.978,-0.322,12.878,53.650,28.320
-0.259,0.994,-0.327,10.864,55.298,26.306
-0.281,0.988,-0.357,7.324,56.763,24.353
-0.309,0.996,-0.412,-3.418,57.922,21.606
-0.333,1.021,-0.455,-3.418,56.335,18.982
-0.344,1.021,-0.451,0.061,54.260,15.198
-0.330,0.999,-0.403,3.479,52.307,11.780
-0.317,0.981,-0.353,0.122,52.490,7.751
-0.332,0.965,-0.361,-1.831,54.077,6.592
-0.347,0.967,-0.378,-0.916,55.115,5.615
-0.362,0.971,-0.396,3.540,54.626,3.479
-0.370,0.981,-0.399,5.615,53.101,1.648
-0.374,0.972,-0.385,7.751,51.880,-0.488
-0.383,0.977,-0.387,8.301,51.147,-2.014
-0.395,1.009,-0.386,5.066,50.171,-4.944
-0.411,1.038,-0.404,4.517,50.110,-8.484
-0.411,1.016,-0.428,5.249,49.744,-12.878
-0.412,1.005,-0.455,3.540,45.959,-18.738
-0.411,1.006,-0.464,2.747,42.297,-20.569
-0.401,1.006,-0.436,3.235,38.818,-22.461
-0.401,1.001,-0.438,5.615,36.011,-24.414
-0.401,0.983,-0.430,11.719,30.457,-27.466
-0.391,0.952,-0.370,10.925,28.748,-28.076
-0.386,0.953,-0.336,11.108,28.687,-28.870
-0.386,0.968,-0.328,19.714,33.508,-31.921
-0.396,0.976,-0.360,21.362,35.583,-33.813
-0.417,0.964,-0.453,16.724,34.668,-34.790
-0.413,0.966,-0.447,8.423,30.884,-35.034
-0.400,0.965,-0.406,-2.197,23.437,-37.170
-0.375,0.954,-0.355,-0.366,22.583,-39.246
-0.368,0.945,-0.361,5.493,22.644,-41.748
-0.364,0.918,-0.367,9.766,21.912,-44.922
-0.359,0.894,-0.373,3.357,21.362,-43.884
-0.350,0.909,-0.384,-2.319,20.264,-42.786
-0.344,0.923,-0.397,-3.113,18.616,-43.152
-0.336,0.921,-0.413,3.845,12.512,-47.241
-0.319,0.923,-0.424,9.521,8.179,-49.561
-0.307,0.911,-0.417,17.517,4.089,-52.368
-0.290,0.872,-0.416,34.241,-1.770,-56.458
-0.271,0.835,-0.402,38.635,-3.357,-54.871
-0.240,0.853,-0.329,42.786,-3.235,-52.063
-0.226,0.882,-0.308,52.917,-1.343,-50.659
-0.219,0.874,-0.330,78.003,3.052,-52.612
-0.203,0.828,-0.397,71.838,1.770,-50.537
-0.192,0.839,-0.381,56.580,-2.014,-46.326
-0.182,0.863,-0.333,41.443,-9.460,-40.405
-0.174,0.878,-0.275,46.082,-10.010,-39.856
-0.170,0.892,-0.236,51.147,-8.728,-39.551
-0.170,0.901,-0.241,49.011,-7.263,-38.635
-0.166,0.917,-0.234,29.175,-6.348,-35.278
-0.159,0.924,-0.251,26.917,-6.653,-34.668
-0.161,0.921,-0.265,27.344,-8.179,-34.241
-0.162,0.949,-0.249,27.771,-14.343,-33.325
-0.156,0.969,-0.199,28.748,-16.052,-34.607
-0.141,0.983,-0.112,26.306,-15.686,-35.278
-0.129,0.961,-0.111,17.761,-14.099,-35.828
-0.116,0.944,-0.125,3.723,-13.245,-35.828
0.546,0.694,-0.520,671.814,48.950,-54.810
0.449,0.790,0.311,250.793,-50.049,-11.475
0.344,0.818,0.542,-33.569,-72.144,-7.324
0.338,0.648,0.467,1.709,-58.533,-15.564
0.352,0.654,0.453,40.894,-50.232,-17.578
0.359,0.686,0.432,70.923,-51.880,-22.644
0.352,0.701,0.436,57.373,-61.890,-30.457
0.374,0.358,0.784,22.644,-72.388,-39.978
0.402,0.192,1.104,-24.048,-74.768,-40.833
0.417,0.275,1.220,-96.863,-40.344,-17.456
0.456,0.491,0.929,-107.422,-21.423,-15.381
0.485,0.505,0.764,-100.464,-10.071,-17.944
0.505,0.551,0.654,-40.466,-7.812,-16.602
0.520,0.616,0.610,-12.085,-10.437,-15.381
0.524,0.594,0.667,-2.075,-11.902,-14.282
0.530,0.556,0.725,-5.615,-10.498,-12.390
0.534,0.544,0.728,-11.902,1.343,-4.639
0.527,0.638,0.598,-10.376,6.653,-1.404
0.523,0.672,0.555,-8.484,8.728,-0.732
0.519,0.687,0.545,-3.113,8.240,-2.930
0.515,0.700,0.506,-2.319,7.324,-4.028
0.515,0.689,0.498,-6.409,4.700,-5.249
0.513,0.658,0.529,-14.160,-1.038,-6.531
0.508,0.644,0.574,-8.789,-0.244,-5.310
0.492,0.654,0.606,1.404,2.747,-4.089
0.482,0.674,0.605,7.568,5.615,-2.869
0.472,0.693,0.617,-2.625,8.423,-2.625
0.468,0.677,0.682,-7.812,11.353,-3.235
0.476,0.688,0.657,-6.836,17.029,-3.418
0.490,0.691,0.565,11.414,26.550,-6.165
0.504,0.696,0.459,21.973,24.170,-7.507
0.507,0.721,0.376,26.794,17.395,-8.911
0.498,0.735,0.394,25.696,8.972,-10.986
0.488,0.747,0.386,24.231,-4.639,-17.822
0.479,0.751,0.194,35.767,-13.062,-22.583
0.470,0.776,0.129,58.838,-26.855,-27.466
0.450,0.862,0.115,105.530,-62.683,-43.579
0.422,0.963,0.131,101.929,-79.956,-60.791
0.373,0.759,0.337,74.097,-95.703,-79.712
0.366,0.470,0.627,49.988,-106.812,-90.393
0.361,0.379,0.824,58.838,-91.370,-74.585
0.349,0.523,0.636,61.096,-79.712,-67.200
0.346,0.531,0.583,51.880,-77.820,-65.552
0.349,0.447,0.638,45.349,-82.642,-65.918
0.357,0.339,0.749,51.331,-78.796,-60.486
0.353,0.355,0.793,54.199,-71.716,-53.528
0.352,0.364,0.779,47.913,-66.040,-49.438
0.353,0.355,0.754,28.809,-59.692,-46.875
0.362,0.283,0.686,22.034,-59.265,-45.654
0.366,0.262,0.671,16.724,-61.584,-42.542
0.366,0.254,0.701,11.841,-70.313,-35.034
0.363,0.252,0.772,14.771,-71.472,-32.043
0.354,0.267,0.863,21.423,-68.787,-29.297
0.345,0.294,0.862,27.405,-64.941,-26.917
0.332,0.327,0.850,28.931,-61.890,-25.513
0.320,0.328,0.880,29.297,-62.378,-26.672
0.323,0.296,0.900,31.494,-61.951,-27.710
0.331,0.264,0.918,27.832,-58.960,-25.574
0.326,0.260,0.937,23.926,-56.702,-23.437
0.310,0.306,0.871,24.353,-54.321,-23.315
0.319,0.261,0.833,26.733,-53.833,-25.208
0.323,0.209,0.826,30.579,-58.167,-24.475
0.309,0.183,0.891,31.006,-59.753,-21.179
0.302,0.199,0.899,28.992,-59.387,-17.517
0.297,0.216,0.907,24.780,-57.800,-13.062
0.291,0.224,0.911,25.513,-56.885,-11.719
0.274,0.230,0.881,25.757,-56.641,-10.986
0.267,0.211,0.858,24.170,-57.373,-11.108
0.260,0.204,0.845,18.616,-61.890,-10.315
0.252,0.212,0.832,18.555,-64.514,-10.010
0.252,0.168,0.876,19.897,-67.566,-9.644
0.245,0.134,0.960,25.696,-68.604,-3.296
0.232,0.150,1.004,33.691,-64.453,0.427
0.204,0.219,0.930,39.978,-61.218,1.770
0.196,0.219,0.895,40.955,-60.791,1.160
0.193,0.186,0.870,35.583,-66.162,-0.732
0.185,0.089,0.912,33.875,-70.068,0.854
0.171,0.065,0.969,35.950,-72.754,4.578
0.152,0.081,1.016,43.945,-71.960,14.038
0.132,0.111,1.020,42.786,-69.824,15.930
0.098,0.127,0.997,39.612,-68.909,15.869
0.083,0.099,1.014,38.391,-68.970,15.381
0.070,0.067,1.021,41.870,-67.627,17.395
0.050,0.012,0.994,42.969,-67.139,18.860
0.041,-0.033,1.003,42.847,-67.505,20.386
0.023,-0.056,1.050,40.466,-68.115,27.832
-0.001,-0.049,1.110,40.161,-65.979,32.532
-0.042,0.016,1.160,41.687,-62.622,36.133
-0.050,0.006,1.159,42.358,-59.265,37.659
-0.052,-0.041,1.166,34.546,-53.589,39.612
-0.070,-0.093,1.176,30.823,-50.110,42.358
-0.088,-0.065,1.186,26.672,-46.387,45.837
-0.104,-0.031,1.195,17.456,-39.124,51.147
-0.116,-0.015,1.206,17.578,-35.461,53.284
-0.133,0.001,1.204,21.118,-31.616,55.908
-0.137,0.004,1.192,26.428,-28.076,58.594
-0.142,0.001,1.180,38.574,-22.156,62.683
-0.168,0.016,1.197,41.443,-20.142,63.965
-0.183,0.027,1.223,38.574,-18.127,64.392
-0.193,0.036,1.224,23.010,-11.597,63.293
-0.194,0.040,1.191,16.479,-8.606,62.256
-0.182,0.002,1.139,13.550,-6.531,61.279
-0.176,-0.029,1.132,14.343,-4.639,61.218
-0.175,-0.044,1.139,23.132,-0.488,65.918
-0.191,0.039,1.126,24.841,1.648,68.176
-0.195,0.049,1.111,20.203,2.930,67.566
-0.195,0.030,1.102,6.714,4.272,64.636
-0.195,0.020,1.100,5.493,5.676,64.758
-0.194,0.060,1.074,6.470,7.324,64.514
-0.197,0.055,1.074,6.287,8.240,63.049
-0.207,0.049,1.089,5.920,9.644,61.646
-0.223,0.057,1.125,9.338,11.841,61.401
-0.227,0.048,1.135,13.855,14.893,61.523
-0.235,0.070,1.131,23.071,22.034,64.514
-0.244,0.115,1.123,29.297,25.452,64.026
-0.242,0.189,1.105,38.391,28.625,60.974
-0.236,0.193,1.097,49.255,31.250,56.030
-0.231,0.162,1.107,77.209,33.203,45.166
-0.229,0.051,1.187,86.853,35.400,42.114
-0.219,-0.003,1.213,81.665,40.833,41.931
-0.207,-0.003,1.198,67.139,56.824,46.631
-0.198,0.047,1.134,57.190,61.707,42.786
-0.154,0.074,0.971,44.434,62.561,35.156
-0.128,0.007,0.968,28.870,59.570,26.855
-0.113,-0.081,1.027,-4.822,53.711,19.836
-0.105,-0.145,1.129,-15.503,55.908,21.912
-0.096,-0.102,1.095,-21.545,60.852,24.475
-0.080,-0.055,1.055,-33.447,65.186,22.888
-0.061,-0.039,1.044,-41.199,64.026,19.592
-0.029,-0.078,1.054,-43.945,63.232,17.029
-0.010,-0.099,1.029,-36.377,63.843,15.808
0.007,-0.117,1.024,-11.841,63.538,17.822
0.021,-0.007,1.047,-3.296,63.721,19.592
0.035,0.041,1.014,1.038,64.392,18.005
0.054,0.036,0.989,-5.859,60.974,7.568
0.071,0.024,0.963,-10.071,57.739,2.991
0.093,0.026,0.924,-12.207,53.711,-1.526
0.099,-0.003,0.949,-11.475,49.255,-5.676
0.102,-0.030,0.999,-4.456,44.189,-7.996
0.104,-0.001,1.056,-0.854,45.044,-7.324
0.108,0.035,1.038,1.221,47.363,-7.874
0.117,0.057,1.004,-0.916,51.208,-14.954
0.131,0.055,0.972,-4.517,51.208,-19.958
0.159,0.008,0.928,-8.606,50.293,-24.109
0.167,0.005,0.919,-11.536,49.072,-26.733
0.169,0.039,0.917,-15.137,46.326,-30.762
0.182,0.085,0.906,-17.151,44.983,-34.973
0.198,0.050,0.889,-18.188,43.640,-39.978
0.215,-0.006,0.873,-15.686,40.344,-45.898
0.234,-0.064,0.859,-11.658,38.452,-45.288
0.025,-0.676,2.538,-85.510,195.496,129.089
-0.205,-0.018,2.253,-106.995,268.433,171.997
-0.324,0.578,1.461,-179.932,389.832,163.879
0.066,0.086,-0.686,-209.351,410.889,128.784
0.420,-0.088,-2.311,-163.391,408.936,130.615
0.969,1.300,-3.793,187.256,231.079,233.887
1.467,3.358,-4.000,247.192,-18.982,139.282
0.025,3.875,-3.775,147.217,-330.749,-107.849
-1.565,2.004,-2.523,11.841,-600.769,-366.821
-2.835,-0.228,-0.549,-130.005,-801.331,-467.224
-3.308,-3.937,3.840,-248.535,-772.644,-331.299
-2.805,-2.999,4.000,-264.832,-624.146,-82.031
-2.234,-0.349,4.000,-11.963,34.302,158.203
-1.505,0.782,3.384,-11.719,179.871,28.198
-0.237,-0.949,2.226,-66.650,174.561,-51.086
0.009,-0.769,1.867,-57.068,150.879,-21.606
0.174,0.014,1.230,129.456,195.740,95.642
0.553,1.323,-0.358,121.277,192.200,98.999
0.645,1.350,-0.532,33.020,147.644,68.481
0.641,1.075,-0.308,-97.656,49.561,2.075
0.584,0.780,-0.011,-81.055,28.564,-5.798
0.443,0.800,0.253,-43.335,17.029,-4.028
0.387,0.878,0.324,-19.714,5.310,-7.141
0.342,0.810,0.485,-23.743,-20.691,-32.959
0.282,0.580,0.834,-28.442,-25.085,-42.297
0.267,0.573,0.870,-31.372,-23.743,-47.424
0.259,0.549,0.853,-42.969,-22.766,-59.021
0.252,0.454,0.886,-47.791,-25.574,-62.561
0.224,0.321,1.093,-44.556,-24.902,-61.340
0.216,0.370,1.124,-35.400,-19.287,-58.228
0.216,0.440,1.084,-27.161,-5.432,-61.584
0.247,0.485,0.892,-29.968,-2.563,-69.336
0.275,0.447,0.798,-33.997,-3.540,-77.942
0.304,0.410,0.699,-37.354,-13.428,-88.684
0.326,0.400,0.612,-34.851,-20.813,-91.187
0.345,0.469,0.491,-31.433,-28.809,-94.666
0.344,0.422,0.447,-30.029,-38.086,-100.037
0.335,0.333,0.442,-26.123,-60.486,-104.858
0.310,0.209,0.481,-17.212,-70.129,-103.394
0.307,0.099,0.534,-6.348,-77.942,-101.257
0.302,0.039,0.569,14.404,-84.534,-90.149
0.294,0.058,0.546,26.367,-86.060,-85.571
0.268,0.147,0.428,36.926,-90.637,-84.900
0.256,0.121,0.425,42.542,-98.816,-87.708
0.252,0.023,0.462,37.048,-116.455,-91.919
0.252,-0.294,0.664,32.776,-122.070,-86.609
0.237,-0.331,0.788,33.508,-123.291,-73.914
0.210,-0.215,0.829,49.744,-114.563,-45.593
0.184,-0.031,0.789,54.687,-113.037,-42.542
0.140,0.084,0.767,51.575,-117.065,-47.180
0.127,-0.033,0.854,44.250,-122.864,-53.101
0.120,-0.168,0.949,44.556,-123.169,-48.462
0.095,-0.168,0.991,55.664,-117.920,-39.246
0.075,-0.097,0.937,67.566,-112.854,-32.654
0.056,-0.089,0.883,70.740,-111.023,-34.607
0.051,-0.162,0.858,58.472,-116.028,-36.804
0.033,-0.413,1.062,41.321,-120.972,-33.691
0.002,-0.410,1.136,29.541,-119.568,-23.437
-0.035,-0.270,1.137,35.645,-108.032,-0.427
-0.087,-0.041,1.091,42.053,-105.286,1.099
-0.091,-0.110,1.089,42.786,-104.431,-3.052
-0.085,-0.270,1.091,37.048,-102.356,-6.470
-0.086,-0.411,1.115,36.499,-100.342,1.404
-0.145,-0.312,1.195,37.781,-96.741,11.902
-0.182,-0.187,1.217,36.011,-92.163,18.860
-0.208,-0.134,1.215,15.808,-83.618,16.174
-0.200,-0.328,1.092,7.141,-79.956,13.367
-0.188,-0.444,1.001,4.883,-78.064,15.381
-0.197,-0.475,0.980,11.719,-83.374,34.119
-0.232,-0.388,1.050,17.395,-85.999,43.945
-0.312,-0.108,1.223,19.714,-84.656,47.852
-0.323,-0.078,1.237,14.526,-79.712,44.556
-0.314,-0.162,1.182,-12.390,-65.613,31.372
-0.284,-0.425,0.964,-22.339,-61.401,31.616
-0.297,-0.436,0.893,-24.658,-61.157,38.818
-0.336,-0.322,0.900,-11.719,-69.580,59.143
-0.377,-0.168,0.967,-3.601,-72.693,62.622
-0.409,-0.058,1.105,-1.160,-72.693,60.913
-0.410,-0.113,1.138,-5.676,-69.519,56.763
-0.414,-0.206,1.152,-24.292,-56.580,52.673
-0.443,-0.273,1.047,-29.358,-49.438,56.641
-0.462,-0.218,0.989,-29.846,-45.410,62.195
-0.478,-0.181,0.980,-26.550,-45.593,67.383
-0.491,-0.182,0.999,-25.818,-45.349,68.359
-0.524,-0.190,1.085,-26.611,-43.579,70.557
-0.550,-0.116,1.131,-28.381,-40.344,73.914
-0.571,-0.026,1.178,-37.415,-31.372,74.707
-0.583,0.022,1.241,-43.335,-25.085,71.777
-0.575,0.014,1.190,-46.143,-17.456,69.031
-0.568,-0.001,1.135,-44.312,-7.935,65.857
-0.569,-0.021,1.133,-41.870,-5.371,66.223
-0.574,0.010,1.173,-40.039,-1.770,67.383
-0.570,0.044,1.171,-40.710,2.686,67.688
-0.562,0.052,1.149,-49.438,11.658,63.904
-0.539,0.000,1.099,-53.589,15.381,61.707
-0.527,-0.013,1.060,-54.443,19.043,60.486
-0.521,-0.005,1.039,-53.894,23.010,60.120
-0.520,0.027,1.044,-55.115,24.353,59.448
-0.515,0.096,1.050,-57.068,26.489,57.251
-0.503,0.094,1.024,-58.594,28.992,54.138
-0.491,0.074,1.013,-55.603,32.349,50.659
-0.481,0.075,1.014,-50.171,34.546,51.147
-0.479,0.126,0.989,-44.312,37.231,51.575
-0.473,0.169,0.952,-42.847,39.246,44.983
-0.463,0.153,0.943,-47.424,38.452,40.100
-0.446,0.071,0.958,-49.438,38.696,37.781
-0.444,0.058,0.959,-48.828,39.856,37.781
-0.450,0.084,0.970,-43.457,42.542,39.978
-0.451,0.187,0.976,-40.527,44.678,38.879
-0.441,0.190,0.976,-40.161,46.875,35.583
-0.420,0.162,0.960,-37.720,51.025,30.151
-0.397,0.140,0.952,-32.104,51.453,29.419
-0.370,0.132,0.968,-28.259,51.758,28.992
-0.363,0.174,0.970,-27.771,52.612,29.175
-0.359,0.219,0.977,-27.893,54.871,26.489
-0.351,0.265,1.009,-22.339,56.580,23.987
-0.342,0.284,1.002,-15.808,58.655,20.752
-0.325,0.249,0.995,-15.259,61.279,11.292
-0.307,0.176,1.000,-19.226,62.195,9.644
-0.285,0.145,1.037,-21.545,63.416,11.108
-0.285,0.200,1.072,-22.034,65.125,13.306
-0.293,0.273,1.113,-23.987,70.923,11.780
-0.285,0.379,1.077,-22.339,75.684,7.141
-0.259,0.379,1.005,-18.738,77.942,0.366
-0.235,0.341,0.992,-14.099,70.435,-12.024
-0.225,0.291,1.033,-7.874,68.542,-13.916
-0.213,0.222,1.105,0.549,71.045,-13.916
-0.200,0.183,1.092,6.409,75.684,-13.794
-0.179,0.180,1.021,7.263,82.581,-14.832
-0.131,0.197,0.868,5.676,81.299,-16.968
-0.113,0.206,0.851,6.592,78.918,-18.555
-0.092,0.193,0.835,8.423,74.829,-21.179
-0.077,0.158,0.853,3.235,69.641,-23.071
-0.065,0.129,0.921,-2.869,64.941,-24.780
-0.052,0.134,0.909,-6.653,62.378,-26.245
-0.048,0.159,0.902,-7.446,59.265,-28.320
-0.041,0.214,0.927,-7.446,58.533,-30.762
-0.035,0.200,0.961,-10.803,58.105,-34.973
-0.024,0.148,0.976,-23.010,59.753,-43.457
-0.014,0.092,0.975,-25.452,61.523,-44.495
0.016,0.041,0.882,-22.705,63.171,-43.640
0.035,0.036,0.847,-17.517,62.683,-41.870
0.053,0.037,0.836,-10.132,57.007,-38.757
0.089,0.013,0.843,-7.996,54.321,-38.330
0.103,0.009,0.842,-6.470,51.941,-38.086
0.115,0.041,0.842,-5.066,47.913,-38.086
0.156,0.086,0.828,-6.470,45.471,-40.039
0.176,0.051,0.846,-10.986,41.626,-42.969
0.192,0.010,0.864,-16.296,37.720,-44.678
0.211,-0.002,0.838,-17.761,33.325,-42.236
-0.184,-0.739,2.433,-18.921,116.577,83.557
-0.261,-0.480,2.402,-32.227,166.626,110.229
-0.323,-0.241,2.222,-101.440,269.836,121.582
-0.175,0.086,1.059,-125.244,319.092,115.479
0.215,0.145,-0.097,-121.033,358.520,113.586
0.824,0.489,-1.927,-100.586,341.614,156.738
1.451,1.712,-3.692,-134.644,195.374,159.241
1.454,3.958,-4.000,-173.584,-57.434,78.247
0.641,2.779,-3.112,-179.810,-311.829,-65.430
-0.236,0.757,-1.300,-108.459,-536.987,-175.842
-1.361,-1.790,2.582,-142.334,-527.466,-90.515
-1.617,-1.451,4.000,-306.213,-467.590,44.250
-1.800,0.297,4.000,-902.710,-204.163,228.088
-1.810,2.277,3.936,-923.462,-81.482,134.705
-0.950,1.946,2.728,-754.822,-24.048,-38.208
-0.424,0.949,2.435,-536.621,-0.366,-151.855
-0.042,0.548,1.694,-183.411,101.440,-125.732
0.357,0.708,-0.142,-123.474,126.648,-88.989
0.443,0.766,-0.459,-154.358,109.314,-69.153
0.457,0.807,-0.424,-285.889,34.668,-55.115
0.424,0.881,-0.272,-354.126,9.766,-52.734
0.356,0.842,-0.126,-396.606,-2.930,-53.589
0.331,0.828,-0.228,-395.325,-6.348,-52.063
0.307,0.845,-0.379,-358.826,-17.090,-42.480
0.315,0.766,-0.431,-334.961,-31.738,-38.391
0.344,0.693,-0.396,-305.664,-43.884,-31.677
0.371,0.635,-0.454,-249.390,-49.438,-11.108
0.389,0.620,-0.551,-240.540,-52.673,-0.366
0.408,0.605,-0.642,-258.423,-58.044,8.240
0.430,0.526,-0.609,-280.945,-63.843,15.076
0.452,0.411,-0.578,-233.337,-63.843,32.349
0.440,0.312,-0.602,-173.157,-59.143,45.715
0.406,0.360,-0.606,-126.587,-54.565,60.303
0.375,0.457,-0.559,-106.323,-50.415,82.947
0.345,0.560,-0.472,-92.407,-47.302,85.022
0.285,0.610,-0.373,-71.350,-42.725,83.130
0.267,0.587,-0.323,-57.861,-38.696,81.848
0.256,0.555,-0.279,-42.175,-29.236,87.280
0.229,0.567,-0.264,-22.400,-23.437,92.896
0.207,0.599,-0.296,6.104,-18.250,97.168
0.189,0.614,-0.323,43.579,-15.930,100.586
0.171,0.674,-0.323,38.879,-16.663,101.746
0.123,0.863,-0.342,20.752,-17.273,99.854
0.114,0.899,-0.342,-3.845,-17.761,95.093
0.120,0.859,-0.346,-33.264,-14.893,84.961
0.132,0.729,-0.405,-25.146,-11.292,84.290
0.124,0.751,-0.421,-6.836,-7.874,86.792
0.109,0.845,-0.406,9.827,-2.563,89.050
0.097,0.922,-0.385,1.953,0.366,84.717
0.089,0.882,-0.393,-11.597,2.563,80.322
0.092,0.842,-0.376,-24.109,3.784,78.369
0.088,0.801,-0.375,-20.020,8.545,80.566
0.055,0.777,-0.444,-11.169,11.108,84.473
0.037,0.802,-0.440,-11.780,12.329,88.928
0.023,0.846,-0.408,-38.147,14.221,93.628
0.015,0.878,-0.367,-42.847,16.968,92.285
-0.018,0.935,-0.340,-35.522,21.545,89.355
-0.053,0.935,-0.396,-23.132,27.405,84.900
-0.088,0.906,-0.483,-13.489,34.851,77.576
-0.139,0.880,-0.597,-19.714,33.691,76.294
-0.147,0.876,-0.575,-30.151,30.518,75.439
-0.149,0.884,-0.520,-42.114,28.687,73.608
-0.153,0.900,-0.471,-36.987,32.654,71.411
-0.180,0.949,-0.466,-31.799,38.635,68.298
-0.197,0.976,-0.485,-33.630,44.128,64.392
-0.205,0.971,-0.488,-54.199,48.401,54.810
-0.214,0.907,-0.488,-59.875,48.340,50.781
-0.229,0.908,-0.495,-55.847,47.913,47.791
-0.244,0.924,-0.504,-37.048,48.035,40.771
-0.262,0.937,-0.527,-33.142,48.462,35.889
-0.282,0.915,-0.563,-34.973,48.157,31.250
-0.277,0.892,-0.541,-42.969,47.363,27.710
-0.278,0.883,-0.529,-62.805,48.157,22.461
-0.303,0.876,-0.584,-69.519,49.194,19.165
-0.313,0.844,-0.608,-74.707,49.438,15.503
-0.315,0.810,-0.605,-83.679,48.584,10.986
-0.314,0.777,-0.582,-85.449,49.194,9.521
-0.331,0.728,-0.598,-88.074,51.331,8.484
-0.358,0.734,-0.667,-93.689,53.711,7.874
-0.386,0.740,-0.743,-108.643,52.612,4.578
-0.399,0.685,-0.789,-111.694,48.950,1.587
-0.388,0.622,-0.762,-109.070,45.349,-1.160
-0.380,0.579,-0.731,-102.051,43.396,-1.526
-0.381,0.593,-0.716,-103.271,45.410,-1.343
-0.431,0.630,-0.838,-105.530,47.852,-3.967
-0.456,0.576,-0.936,-106.018,48.279,-8.057
-0.470,0.538,-0.998,-92.834,38.086,-12.146
-0.459,0.589,-0.927,-77.332,30.273,-13.855
-0.442,0.601,-0.847,-58.044,24.719,-18.127
-0.432,0.562,-0.815,-26.550,24.902,-28.748
-0.432,0.504,-0.843,-17.822,26.123,-30.090
-0.439,0.505,-0.899,-9.338,25.085,-29.053
-0.436,0.535,-0.884,-0.732,22.583,-28.503
-0.431,0.542,-0.856,-3.967,18.188,-31.250
-0.423,0.526,-0.809,-14.160,17.273,-32.166
-0.419,0.515,-0.801,-26.550,16.968,-31.921
-0.421,0.528,-0.812,-42.175,16.296,-29.968
-0.424,0.559,-0.818,-41.870,14.526,-30.701
-0.422,0.557,-0.805,-39.795,12.512,-32.349
-0.423,0.562,-0.810,-39.551,11.414,-34.119
-0.425,0.559,-0.825,-42.725,9.216,-38.574
-0.422,0.521,-0.852,-42.908,6.958,-40.161
-0.420,0.541,-0.837,-41.565,3.845,-40.710
-0.416,0.566,-0.812,-31.311,-0.366,-44.983
-0.402,0.573,-0.770,-26.123,-0.305,-49.072
-0.400,0.546,-0.795,-25.879,0.977,-53.101
-0.394,0.482,-0.837,-28.992,1.709,-56.335
-0.381,0.433,-0.862,-31.067,-2.747,-55.420
-0.349,0.452,-0.840,-28.809,-5.615,-53.894
-0.337,0.462,-0.823,-26.062,-7.141,-53.833
-0.329,0.451,-0.824,-20.569,-6.714,-55.786
-0.316,0.392,-0.860,-17.151,-6.531,-55.969
-0.309,0.379,-0.871,-15.076,-6.897,-54.932
-0.303,0.375,-0.871,-14.526,-7.874,-51.514
-0.297,0.369,-0.870,-16.541,-8.118,-49.316
-0.280,0.360,-0.879,-19.165,-8.728,-46.753
-0.276,0.379,-0.873,-20.630,-9.644,-44.373
-0.278,0.407,-0.877,-20.813,-10.071,-42.847
-0.305,0.396,-0.962,-21.606,-10.437,-43.396
-0.308,0.365,-0.998,-23.437,-12.634,-43.213
-0.292,0.339,-0.979,-28.198,-20.874,-38.330
-0.268,0.334,-0.929,-29.114,-23.132,-35.034
-0.246,0.386,-0.887,-29.663,-23.437,-32.715
-0.243,0.419,-0.891,-31.799,-23.376,-31.921
-0.241,0.433,-0.895,-35.095,-23.926,-34.851
-0.232,0.354,-0.936,-31.921,-24.353,-36.560
-0.236,0.340,-0.960,-28.625,-24.963,-35.278
-0.246,0.364,-0.984,-30.212,-28.809,-30.334
-0.246,0.393,-0.982,-29.785,-32.410,-30.334
-0.217,0.368,-0.918,-27.771,-35.767,-30.884
-0.207,0.368,-0.896,-26.855,-37.292,-30.457
-0.200,0.368,-0.895,-22.766,-36.255,-29.846
-0.180,0.343,-0.882,-17.639,-35.400,-29.480
-0.172,0.339,-0.893,-13.428,-33.752,-28.809
-0.164,0.320,-0.917,-10.437,-31.494,-26.672
-0.155,0.318,-0.936,-12.573,-32.288,-24.170
-0.140,0.335,-0.954,-15.930,-34.180,-22.217
-0.120,0.308,-0.933,-18.860,-36.377,-20.935
-0.099,0.297,-0.900,-21.973,-37.476,-15.747
-0.071,0.280,-0.857,-21.301,-35.645,-12.756
-0.068,0.308,-0.854,-19.958,-33.264,-9.399
-0.076,0.370,-0.871,-17.822,-28.687,-6.531
-0.091,0.417,-0.915,-19.409,-28.442,-8.423
-0.096,0.392,-0.969,-23.682,-30.212,-10.376
-0.083,0.370,-0.946,-26.855,-32.532,-11.414
-0.066,0.350,-0.922,-15.015,-33.142,-13.245
-0.048,0.323,-0.941,-5.371,-31.799,-13.855
-0.048,0.325,-0.965,-0.732,-31.128,-13.550
-0.049,0.332,-0.977,-4.578,-33.508,-11.719
-0.047,0.339,-0.977,-9.155,-34.973,-10.925
0.081,0.837,1.653,-138.489,159.485,26.978
0.019,0.994,1.170,-117.249,200.867,17.273
0.082,0.919,0.576,80.566,276.672,-18.127
0.717,0.617,-2.880,394.409,316.467,0.916
1.062,2.164,-4.000,878.357,270.081,57.373
0.965,3.843,-4.000,1279.236,-237.915,-123.474
0.301,4.000,-3.606,739.014,-412.048,-379.150
-1.290,-0.507,-1.346,246.094,-462.097,-540.894
-1.705,-3.363,0.710,12.756,-482.239,-536.316
-1.980,-4.000,3.133,-45.349,-429.932,-95.032
-1.906,-2.450,4.000,-89.722,-244.629,80.078
-1.350,-2.244,4.000,-202.759,-44.128,82.703
-0.761,-2.285,3.453,-244.568,124.634,34.668
-0.334,-1.672,2.906,-134.216,149.475,76.355
0.221,0.414,1.491,-44.800,177.002,107.910
0.461,0.957,0.561,-33.752,196.289,106.323
0.647,1.040,-0.005,-99.792,158.447,58.044
0.732,0.991,-0.119,-103.088,125.305,46.021
0.691,1.006,-0.067,-101.257,95.459,39.490
0.623,0.972,0.037,-108.215,40.527,20.691
0.533,0.943,0.215,-106.323,19.043,8.484
0.397,0.712,0.623,-110.107,5.005,-5.310
0.378,0.556,0.744,-115.967,-0.977,-15.869
0.379,0.511,0.746,-100.037,1.282,-22.278
0.396,0.524,0.657,-79.346,-1.465,-23.987
0.391,0.549,0.672,-46.692,-7.385,-26.062
0.375,0.565,0.730,20.325,-16.357,-34.180
0.351,0.563,0.803,35.522,-17.578,-39.673
0.320,0.430,1.006,59.998,-16.235,-44.800
0.320,0.371,1.032,110.779,-9.460,-45.776
0.324,0.382,0.992,210.144,9.705,-41.443
0.340,0.411,0.867,216.003,16.235,-44.922
0.354,0.345,0.817,192.444,18.982,-52.002
0.371,0.232,0.786,137.573,17.700,-62.500
0.388,0.141,0.761,137.268,17.700,-61.584
0.413,0.130,0.706,157.043,19.226,-59.509
0.427,0.137,0.639,179.382,21.729,-58.960
0.440,0.094,0.609,157.166,19.409,-65.247
0.461,-0.092,0.598,131.592,16.907,-67.383
0.471,-0.155,0.560,111.267,14.038,-66.101
0.471,-0.172,0.557,80.017,0.244,-57.678
0.457,-0.136,0.601,83.740,-5.859,-54.504
0.436,-0.007,0.667,96.191,-7.690,-54.565
0.440,-0.021,0.659,104.187,-7.446,-58.350
0.449,-0.074,0.647,108.521,-10.498,-65.796
0.463,-0.158,0.628,111.389,-13.367,-67.261
0.455,-0.198,0.620,114.807,-16.785,-69.580
0.447,-0.243,0.651,145.020,-23.499,-73.792
0.433,-0.267,0.728,176.636,-22.522,-73.853
0.403,-0.290,0.827,202.515,-16.663,-74.158
0.401,-0.355,0.787,204.346,-8.606,-76.172
0.407,-0.458,0.714,161.804,-2.869,-79.468
0.401,-0.620,0.649,151.245,-6.958,-75.928
0.385,-0.596,0.687,159.424,-11.414,-68.542
0.367,-0.516,0.730,195.007,-6.592,-59.814
0.357,-0.447,0.724,192.810,0.610,-64.087
0.375,-0.558,0.607,168.945,5.737,-72.693
0.392,-0.739,0.517,133.972,7.690,-80.933
0.398,-0.890,0.427,108.826,1.343,-76.538
0.370,-0.899,0.396,143.677,-7.629,-65.002
0.356,-0.819,0.428,191.223,-15.808,-53.589
0.346,-0.789,0.447,230.957,-21.606,-48.218
0.336,-0.813,0.484,224.060,-20.447,-50.110
0.312,-0.956,0.574,214.539,-17.151,-50.293
0.305,-0.973,0.560,210.205,-10.193,-47.241
0.307,-0.941,0.453,184.143,9.583,-42.297
0.313,-0.853,0.264,153.137,13.611,-44.861
0.310,-0.876,0.220,117.798,14.282,-50.842
0.304,-0.910,0.182,82.092,9.277,-59.082
0.298,-0.921,0.146,87.219,3.418,-59.692
0.275,-0.955,0.211,97.229,-3.601,-60.791
0.250,-1.036,0.307,101.990,-8.789,-63.232
0.229,-1.094,0.379,99.487,-4.089,-60.120
0.224,-1.084,0.268,93.506,3.845,-54.871
0.231,-1.039,0.125,90.881,10.315,-48.340
0.240,-0.991,-0.015,99.854,7.446,-38.147
0.244,-0.985,-0.113,111.694,-1.953,-35.522
0.222,-0.951,-0.141,129.333,-13.062,-31.738
0.199,-0.858,-0.110,147.461,-22.827,-29.175
0.176,-0.786,-0.049,159.058,-32.654,-42.786
0.145,-0.872,0.093,142.334,-30.090,-55.603
0.139,-1.011,0.112,117.432,-22.888,-66.223
0.142,-1.151,0.049,93.445,-6.836,-65.002
0.145,-1.183,-0.047,101.562,-5.432,-54.687
0.128,-0.987,-0.155,103.760,-7.507,-48.096
0.121,-0.938,-0.195,97.290,-10.010,-48.950
0.116,-0.927,-0.240,86.243,-14.954,-59.082
0.081,-0.865,-0.236,83.923,-18.005,-64.758
0.052,-0.850,-0.202,78.308,-19.531,-72.388
0.030,-0.895,-0.189,45.471,-18.677,-89.722
0.021,-1.025,-0.213,26.794,-19.531,-93.750
0.026,-1.311,-0.295,20.203,-23.315,-89.844
0.021,-1.313,-0.291,24.719,-29.602,-79.407
0.002,-1.227,-0.238,33.630,-38.879,-59.692
-0.057,-1.018,-0.084,32.776,-38.147,-57.739
-0.067,-1.022,-0.070,26.062,-33.447,-60.669
-0.062,-1.078,-0.131,5.249,-22.156,-64.758
-0.051,-1.131,-0.237,0.916,-21.851,-61.951
-0.041,-1.173,-0.394,-1.343,-26.367,-57.068
-0.050,-1.161,-0.412,-4.089,-33.813,-51.514
-0.069,-1.120,-0.400,-2.197,-50.354,-44.067
-0.119,-1.061,-0.316,4.272,-56.824,-43.640
-0.143,-1.062,-0.278,11.230,-60.425,-43.579
-0.160,-1.092,-0.257,11.047,-62.805,-43.701
-0.166,-1.243,-0.281,4.333,-64.453,-42.419
-0.175,-1.267,-0.244,2.258,-68.176,-37.964
-0.190,-1.229,-0.174,5.554,-71.716,-31.250
-0.193,-1.178,-0.120,3.174,-69.214,-19.836
-0.176,-1.125,-0.153,-6.653,-65.125,-16.907
-0.176,-1.137,-0.179,-17.334,-62.744,-16.235
-0.187,-1.160,-0.183,-20.386,-64.209,-15.930
-0.202,-1.192,-0.158,-10.498,-65.552,-13.000
-0.199,-1.169,-0.160,0.854,-66.284,-8.362
-0.194,-1.142,-0.168,5.981,-67.322,-1.099
-0.192,-1.126,-0.181,0.488,-68.604,0.854
-0.211,-1.092,-0.132,-4.272,-69.397,2.136
-0.216,-1.074,-0.099,-7.385,-68.665,2.075
-0.214,-1.080,-0.072,-9.277,-64.392,-1.343
-0.194,-1.108,-0.067,-8.667,-61.646,-1.648
-0.182,-1.125,-0.081,-11.902,-59.143,-0.610
-0.174,-1.134,-0.100,-22.949,-55.237,4.700
-0.169,-1.125,-0.125,-26.245,-54.199,7.996
-0.171,-1.090,-0.134,-26.306,-54.016,10.864
-0.172,-1.069,-0.120,-22.156,-54.260,13.489
-0.170,-1.047,-0.105,-14.038,-53.955,17.334
-0.158,-1.017,-0.090,-14.954,-52.856,18.005
-0.150,-1.020,-0.088,-18.188,-51.392,17.517
-0.143,-1.027,-0.079,-22.644,-48.645,16.541
-0.136,-1.021,-0.064,-23.804,-47.119,16.785
-0.125,-1.000,-0.036,-25.879,-44.922,17.212
-0.119,-0.993,-0.036,-28.442,-42.175,17.700
-0.114,-0.998,-0.048,-31.311,-38.208,16.846
-0.098,-1.027,-0.097,-28.809,-37.720,16.357
-0.092,-1.038,-0.109,-24.048,-38.452,16.479
-0.086,-1.041,-0.106,-18.066,-41.626,17.883
-0.085,-1.046,-0.090,-17.151,-42.969,18.433
-0.099,-1.041,-0.000,-17.212,-42.969,18.433
-0.096,-1.079,0.023,-20.142,-40.771,17.639
-0.090,-1.121,0.030,-27.344,-33.264,19.470
-0.077,-1.138,0.033,-28.931,-29.236,22.583
-0.069,-1.122,0.025,-30.396,-25.574,25.757
-0.058,-1.113,0.013,-31.006,-20.447,30.823
-0.045,-1.101,-0.014,-29.602,-18.921,33.569
-0.034,-1.049,-0.046,-27.161,-18.738,35.461
-0.036,-1.036,-0.033,-23.926,-19.287,36.072
-0.036,-1.046,-0.004,-18.921,-19.470,35.095
-0.034,-1.121,0.097,-21.851,-17.700,35.339
-0.031,-1.153,0.145,-29.968,-13.550,36.987
-0.022,-1.165,0.137,-55.786,0.244,44.495
-0.009,-1.155,0.090,-63.354,5.188,49.438
0.038,0.068,2.490,-135.803,114.868,51.880
-0.099,0.572,2.202,-130.066,175.598,64.636
-0.180,0.865,1.551,-252.869,260.010,4.822
0.046,0.485,0.792,-416.138,247.070,-44.067
0.299,-0.041,0.775,-622.620,221.680,-83.740
0.492,-0.633,0.339,-910.339,255.920,-87.341
0.639,-1.118,-1.226,-913.452,277.161,-46.326
1.118,-2.399,-4.000,-942.871,202.698,15.625
1.036,-2.541,-4.000,-1111.572,27.771,121.826
0.684,-1.945,-3.155,-1219.177,-246.155,381.103
-0.133,0.258,0.624,-844.910,-210.449,444.153
-0.643,1.835,0.991,-488.586,-80.566,463.745
-1.127,3.382,0.081,-299.622,109.497,353.455
-1.316,4.000,-0.861,-272.705,65.552,222.107
-0.728,3.226,-0.783,-222.107,-4.944,105.408
-0.346,2.382,-0.629,-165.344,-45.959,33.203
-0.049,1.629,-0.609,-86.792,-49.194,-11.230
0.364,0.657,-0.718,-86.243,-38.940,-8.606
0.498,0.389,-0.685,-92.407,-32.593,0.488
0.567,0.238,-0.634,-76.416,-27.710,28.381
0.578,0.202,-0.584,-56.091,-25.757,41.687
0.503,0.151,-0.577,-42.480,-21.851,52.002
0.457,0.070,-0.637,-45.471,-17.395,63.904
0.415,0.111,-0.666,-80.566,-12.451,98.206
0.349,0.281,-0.640,-88.745,-10.132,108.276
0.331,0.272,-0.634,-84.595,-6.531,112.671
0.301,0.271,-0.672,-57.007,2.686,121.033
0.255,0.334,-0.719,-50.293,5.310,125.671
0.187,0.558,-0.721,-52.490,6.897,127.075
0.173,0.642,-0.654,-56.274,8.972,123.474
0.164,0.656,-0.603,-59.631,20.752,106.506
0.155,0.543,-0.597,-56.152,27.527,99.731
0.134,0.512,-0.632,-46.204,32.471,96.252
0.108,0.539,-0.651,-23.743,35.706,94.116
0.080,0.633,-0.642,-15.991,37.476,89.294
0.016,0.687,-0.667,-7.874,39.978,80.750
-0.001,0.642,-0.664,3.540,41.199,72.876
-0.013,0.636,-0.637,16.541,43.030,66.772
-0.039,0.673,-0.660,7.141,45.044,65.918
-0.040,0.663,-0.669,-2.502,44.983,65.002
-0.034,0.628,-0.645,5.798,42.542,62.927
-0.027,0.591,-0.599,16.357,44.617,62.988
-0.043,0.588,-0.598,21.179,49.805,63.416
-0.080,0.618,-0.676,21.362,55.359,63.293
-0.124,0.647,-0.797,2.075,58.838,60.059
-0.161,0.688,-0.907,-12.146,54.199,58.105
-0.149,0.696,-0.830,-19.958,47.791,55.542
-0.130,0.669,-0.719,-12.085,44.739,48.828
-0.124,0.631,-0.650,-9.460,50.049,47.546
-0.183,0.622,-0.744,-8.606,55.847,47.607
-0.219,0.678,-0.805,-8.240,58.472,47.852
-0.242,0.744,-0.826,-11.292,56.641,41.565
-0.248,0.746,-0.804,-10.437,55.054,34.973
-0.243,0.709,-0.779,-5.859,53.284,28.564
-0.247,0.641,-0.771,2.747,52.795,22.339
-0.260,0.589,-0.799,-0.793,52.063,24.841
-0.268,0.611,-0.765,-5.249,49.194,28.503
-0.260,0.659,-0.683,-6.958,46.387,30.579
-0.258,0.706,-0.628,-5.249,49.072,25.757
-0.291,0.714,-0.691,-9.277,52.734,20.569
-0.312,0.642,-0.753,-16.052,54.565,15.747
-0.325,0.577,-0.781,-31.860,52.856,15.198
-0.334,0.564,-0.775,-34.485,52.246,17.151
-0.339,0.620,-0.693,-30.945,52.856,17.517
-0.349,0.665,-0.664,-25.818,55.054,15.564
-0.371,0.685,-0.692,-21.484,61.218,5.981
-0.444,0.633,-0.897,-21.423,61.279,1.282
-0.471,0.608,-0.959,-23.010,57.312,-1.404
-0.476,0.618,-0.933,-28.870,44.678,-3.418
-0.464,0.641,-0.844,-28.076,42.480,-6.653
-0.446,0.639,-0.749,-20.630,44.250,-11.475
-0.458,0.640,-0.778,-6.287,47.546,-16.602
-0.475,0.629,-0.824,25.024,50.964,-25.146
-0.501,0.592,-0.903,25.940,49.622,-26.062
-0.505,0.619,-0.903,17.334,45.776,-24.780
-0.498,0.657,-0.848,13.611,36.194,-25.146
-0.487,0.670,-0.789,20.508,35.522,-28.015
-0.486,0.642,-0.803,28.198,36.682,-30.334
-0.492,0.647,-0.826,31.250,37.354,-31.311
-0.502,0.645,-0.858,8.667,34.363,-31.372
-0.499,0.678,-0.815,-5.005,30.029,-30.762
-0.486,0.696,-0.745,-8.118,26.184,-31.738
-0.477,0.688,-0.703,1.465,28.503,-38.147
-0.475,0.667,-0.713,3.174,32.166,-40.771
-0.494,0.618,-0.835,1.465,33.813,-41.687
-0.498,0.620,-0.864,-3.845,31.677,-40.894
-0.494,0.620,-0.846,-13.428,21.606,-39.307
-0.465,0.634,-0.748,-15.137,18.127,-39.612
-0.454,0.644,-0.712,-15.442,17.090,-40.955
-0.452,0.647,-0.707,-10.437,19.592,-46.631
-0.456,0.623,-0.730,-3.418,20.203,-49.438
-0.460,0.555,-0.801,5.493,18.921,-50.171
-0.456,0.590,-0.797,13.000,15.991,-48.828
-0.448,0.633,-0.772,31.433,11.292,-50.110
-0.422,0.599,-0.728,42.603,10.681,-52.490
-0.417,0.599,-0.735,50.049,10.864,-53.284
-0.416,0.607,-0.750,47.852,10.010,-51.575
-0.411,0.628,-0.744,40.833,8.484,-50.171
-0.398,0.638,-0.707,30.334,7.629,-49.194
-0.391,0.642,-0.708,19.714,7.446,-48.401
-0.384,0.637,-0.711,25.024,5.188,-49.255
-0.355,0.606,-0.682,36.926,3.784,-49.561
-0.347,0.609,-0.661,47.363,3.235,-48.706
-0.346,0.636,-0.653,41.016,5.432,-44.373
-0.346,0.663,-0.655,32.837,6.226,-43.274
-0.339,0.674,-0.658,26.672,6.470,-42.542
-0.345,0.713,-0.674,22.949,6.287,-41.687
-0.351,0.737,-0.689,20.935,2.502,-44.067
-0.340,0.687,-0.669,15.808,-0.732,-45.227
-0.326,0.670,-0.632,5.737,-3.113,-44.434
-0.308,0.665,-0.600,-11.230,-2.441,-40.466
-0.292,0.658,-0.581,-8.362,0.000,-39.246
-0.276,0.659,-0.591,3.479,2.197,-38.330
-0.280,0.703,-0.589,19.653,3.601,-37.720
-0.282,0.740,-0.588,50.720,4.944,-41.260
-0.282,0.741,-0.632,63.599,4.272,-44.189
-0.281,0.717,-0.671,68.665,1.526,-45.288
-0.272,0.705,-0.661,53.101,-9.644,-40.955
-0.251,0.715,-0.593,44.617,-12.512,-38.757
-0.210,0.745,-0.490,43.640,-10.864,-38.147
-0.203,0.750,-0.499,49.194,-6.897,-38.513
-0.204,0.763,-0.515,59.753,-2.441,-38.025
-0.213,0.784,-0.543,57.312,-2.625,-37.415
-0.209,0.780,-0.542,45.898,-3.662,-36.011
-0.198,0.778,-0.515,22.827,-5.981,-31.921
-0.186,0.786,-0.482,18.982,-4.944,-30.457
-0.186,0.809,-0.516,16.052,-3.113,-29.846
-0.189,0.805,-0.559,9.766,-2.258,-29.358
-0.188,0.811,-0.579,-6.226,-5.493,-27.100
-0.174,0.813,-0.560,-8.118,-7.263,-26.611
-0.164,0.808,-0.550,-7.690,-8.118,-26.367
-0.153,0.798,-0.542,-8.545,-8.057,-26.123
-0.146,0.784,-0.545,-6.104,-8.118,-25.757
-0.132,0.837,-0.490,0.061,-7.751,-25.208
-0.135,0.844,-0.530,7.324,-5.188,-25.757
-0.145,0.827,-0.607,12.512,-5.310,-27.161
-0.148,0.855,-0.582,10.132,-10.742,-26.184
-0.140,0.863,-0.513,10.132,-15.259,-26.062
-0.130,0.848,-0.472,16.235,-15.259,-27.344
-0.122,0.843,-0.453,16.357,-13.184,-27.222
-0.123,0.860,-0.467,16.052,-11.353,-27.466
-0.125,0.859,-0.495,16.357,-10.681,-28.320
-0.125,0.858,-0.525,7.568,-14.160,-29.114
-0.105,0.873,-0.496,-0.488,-17.639,-29.175
-0.089,0.875,-0.455,-5.859,-19.836,-29.968
-0.076,0.861,-0.438,-8.667,-17.883,-32.104
-0.066,0.836,-0.454,-8.301,-15.930,-32.227
-0.043,0.778,-0.491,-7.202,-15.198,-31.311
-0.031,0.783,-0.488,-5.554,-15.076,-29.297
-0.024,0.807,-0.492,-1.160,-13.916,-25.757
1.518,2.715,-4.000,210.022,84.656,69.885
1.171,2.933,-3.861,186.890,-138.977,-8.545
0.485,1.833,-2.254,6.958,-491.333,-203.674
-0.493,-1.896,2.535,-80.505,-510.742,-195.862
-0.641,-2.183,4.000,-97.961,-433.838,-92.285
-0.748,-0.779,4.000,-41.199,-290.771,39.063
-0.714,0.642,3.669,-55.054,-43.640,62.500
-0.149,0.563,1.906,-132.996,-14.954,5.493
0.090,0.434,1.449,-151.550,-14.771,-15.930
0.249,0.628,1.113,8.423,1.221,3.052
0.411,1.198,0.360,78.735,8.362,0.122
0.413,1.323,0.182,93.262,0.183,-18.555
0.396,1.199,0.194,27.954,-34.729,-79.224
0.387,0.906,0.255,8.972,-44.617,-98.267
0.347,0.486,0.334,8.850,-50.842,-103.760
0.297,0.408,0.420,15.076,-56.824,-101.685
0.244,0.298,0.591,9.705,-65.735,-92.834
0.142,0.228,0.889,0.183,-63.232,-84.595
0.106,0.322,0.928,-10.254,-57.312,-77.576
0.094,0.345,0.911,-28.015,-47.668,-81.299
0.119,0.291,0.877,-23.315,-44.861,-84.656
0.205,0.288,0.676,-8.606,-43.152,-85.449
0.222,0.371,0.553,7.507,-45.471,-85.449
0.215,0.448,0.516,15.076,-64.758,-93.994
0.202,0.355,0.644,9.216,-74.402,-102.234
0.217,0.226,0.708,5.005,-80.200,-108.032
0.235,0.123,0.740,11.169,-83.740,-104.675
0.242,0.077,0.748,16.541,-85.083,-98.389
0.218,0.149,0.695,18.677,-87.280,-93.445
0.212,0.138,0.669,17.151,-91.553,-92.224
0.214,0.054,0.687,12.024,-105.347,-91.248
0.225,-0.173,0.825,16.479,-110.229,-84.717
0.215,-0.183,0.862,26.428,-111.328,-73.914
0.186,-0.130,0.880,39.001,-110.413,-55.725
0.143,-0.065,0.923,36.743,-110.229,-52.795
0.080,-0.099,1.053,31.982,-108.826,-52.002
0.065,-0.140,1.092,26.917,-105.774,-50.110
0.055,-0.146,1.094,20.752,-97.534,-41.382
0.051,-0.136,1.062,19.409,-95.337,-37.537
0.050,-0.165,1.056,18.677,-94.421,-34.180
0.044,-0.192,1.086,20.874,-93.384,-23.499
0.031,-0.190,1.138,21.973,-90.210,-16.663
0.009,-0.132,1.163,20.752,-84.778,-11.475
0.009,-0.125,1.118,17.334,-79.041,-8.545
0.012,-0.139,1.078,11.230,-72.327,-4.089
0.017,-0.173,1.007,11.230,-70.618,-0.854
0.016,-0.190,0.958,12.390,-69.702,2.747
0.008,-0.203,0.931,12.207,-71.960,10.925
-0.006,-0.212,0.941,8.911,-74.280,16.357
-0.055,-0.160,1.062,4.150,-75.684,22.400
-0.085,-0.112,1.116,0.488,-74.219,27.710
-0.112,-0.070,1.137,-1.953,-64.941,33.386
-0.141,-0.028,1.054,-0.671,-60.303,33.691
-0.142,-0.064,0.980,1.648,-57.861,32.837
-0.141,-0.136,0.939,5.798,-62.195,34.973
-0.141,-0.212,0.948,8.423,-65.247,40.527
-0.169,-0.316,1.077,10.803,-66.101,48.096
-0.198,-0.322,1.156,11.841,-63.965,56.702
-0.236,-0.268,1.199,9.460,-51.331,71.655
-0.295,-0.117,1.188,5.920,-44.739,74.402
-0.306,-0.107,1.166,1.831,-39.795,74.402
-0.308,-0.140,1.141,2.197,-34.668,74.707
-0.312,-0.189,1.130,4.333,-33.936,78.064
-0.358,-0.185,1.217,3.052,-32.776,83.252
-0.392,-0.127,1.286,-1.587,-30.090,88.013
-0.422,-0.048,1.326,-11.719,-19.043,90.576
-0.434,0.016,1.283,-16.113,-13.245,88.074
-0.423,-0.030,1.281,-19.470,-8.789,85.815
-0.421,-0.067,1.322,-17.273,3.052,91.553
-0.432,-0.047,1.331,-12.268,10.620,96.680
-0.468,0.057,1.375,-10.315,16.174,99.426
-0.477,0.080,1.400,-11.719,22.217,99.182
-0.473,0.075,1.394,-12.878,37.720,94.360
-0.435,0.033,1.290,-11.536,44.250,92.896
-0.423,0.047,1.248,-9.277,48.828,93.140
-0.417,0.093,1.229,-3.479,54.810,92.896
-0.408,0.143,1.232,-4.456,57.617,89.783
-0.392,0.200,1.260,-9.216,60.974,85.266
-0.382,0.206,1.261,-17.151,65.063,79.529
-0.361,0.183,1.217,-35.095,75.073,67.322
-0.302,0.178,1.029,-37.231,78.125,63.965
-0.274,0.196,0.961,-32.715,78.491,61.584
-0.247,0.204,0.928,-19.470,74.646,56.702
-0.222,0.219,0.914,-16.602,72.144,54.016
-0.180,0.263,0.901,-17.944,69.153,50.476
-0.166,0.280,0.910,-22.583,65.613,46.387
-0.159,0.308,0.938,-21.912,62.378,37.231
-0.143,0.374,0.967,-17.212,63.354,31.799
-0.130,0.405,0.951,-16.907,63.965,26.245
-0.115,0.392,0.953,-32.471,61.890,14.404
-0.100,0.344,0.964,-35.828,61.523,10.254
-0.087,0.352,0.928,-26.367,61.768,7.324
-0.086,0.381,0.914,-10.681,60.730,3.784
-0.088,0.387,0.937,1.343,53.772,-6.775
-0.105,0.333,1.039,-3.113,51.147,-12.634
-0.112,0.277,1.088,-9.521,50.476,-18.250
-0.121,0.233,1.124,-15.686,55.359,-24.780
-0.134,0.245,1.137,-12.512,59.753,-26.794
-0.132,0.296,1.075,-8.667,63.538,-31.128
-0.119,0.275,1.047,-7.996,65.308,-37.476
-0.101,0.239,1.027,-12.756,65.552,-48.462
-0.061,0.202,0.977,-12.390,65.247,-51.880
-0.044,0.207,0.963,-9.033,64.697,-54.932
-0.023,0.201,0.951,-2.441,64.331,-62.561
0.006,0.173,0.918,-2.014,64.331,-66.101
0.090,0.095,0.812,-2.991,62.988,-68.420
0.129,0.068,0.767,-1.526,60.547,-69.946
0.162,0.049,0.738,6.897,53.894,-72.388
0.214,-0.032,0.736,6.287,49.744,-73.303
0.237,-0.105,0.760,2.869,45.898,-72.693
0.263,-0.158,0.755,1.831,41.321,-63.965
0.292,-0.182,0.718,2.686,38.208,-58.044
0.327,-0.173,0.699,2.319,33.691,-52.795
0.332,-0.177,0.723,1.709,29.175,-48.889
0.333,-0.189,0.760,0.244,22.400,-42.358
0.333,-0.186,0.811,-1.953,20.203,-38.940
0.334,-0.184,0.827,-4.578,18.555,-35.706
0.336,-0.191,0.842,-5.493,16.663,-29.175
0.337,-0.191,0.849,-3.540,15.747,-25.146
0.320,-0.086,0.867,-2.686,14.465,-21.790
0.316,-0.052,0.879,-3.601,12.939,-21.301
0.321,-0.072,0.886,-4.333,10.681,-24.048
0.336,-0.109,0.860,-2.441,9.705,-22.644
0.337,-0.093,0.860,-1.221,7.812,-19.653
0.335,-0.071,0.885,-1.892,3.174,-15.381
0.336,-0.069,0.909,-1.709,2.563,-14.282
0.336,-0.072,0.954,-2.014,2.869,-12.695
0.335,-0.052,0.950,-3.113,4.150,-10.986
0.340,-0.029,0.921,-4.028,5.432,-10.376
0.356,-0.049,0.891,-2.258,4.089,-11.353
0.352,-0.048,0.909,0.427,2.441,-11.047
0.344,-0.027,0.928,1.770,0.793,-8.423
0.341,-0.020,0.938,-0.671,0.671,-8.118
0.349,-0.056,0.927,-1.892,0.854,-7.629
0.350,-0.061,0.923,-0.732,0.854,-6.348
0.343,-0.047,0.932,-0.366,0.244,-3.540
0.331,-0.013,0.925,-3.479,-0.366,-3.601
0.329,-0.022,0.929,-6.653,-1.770,-4.211
0.322,-0.016,0.949,-7.324,-4.028,-3.296
0.310,0.016,0.982,-6.836,-3.540,-3.723
0.304,0.031,1.005,-8.728,-2.258,-5.676
0.310,0.002,0.985,-11.780,-0.916,-7.385
0.316,-0.015,0.956,-9.521,0.000,-6.653
0.323,-0.030,0.945,-4.150,-0.610,-5.859
0.326,-0.052,0.942,0.793,-0.732,-5.127
0.327,-0.063,0.925,1.587,-0.549,-1.343
0.324,-0.042,0.905,-1.892,-1.648,0.366
0.314,0.009,0.936,-5.127,-3.113,0.427
0.316,-0.005,0.953,-6.348,-3.479,-0.427
0.319,-0.015,0.945,-4.883,-2.441,0.549
