Motion detected, recording started...
aX, aY, aZ, gX, gY, gZ
Recording complete. Printing data...
aX,aY,aZ,gX,gY,gZ
0.190,1.344,2.297,-295.349,-39.612,94.727
0.184,1.550,2.365,-223.755,14.832,66.589
0.196,1.439,2.472,-81.299,102.539,-53.467
0.600,0.741,2.717,-70.435,133.057,-95.947
0.693,0.604,2.769,-80.688,159.790,-117.126
0.434,0.676,2.661,-49.316,252.747,-141.541
-0.050,0.769,2.356,-27.771,316.650,-170.288
-0.823,1.243,0.597,-97.412,315.735,-257.507
-1.916,1.746,-0.718,-246.033,230.286,-368.103
-3.289,2.562,-2.772,-357.544,-25.391,-466.614
-4.000,0.993,-4.000,-285.156,-227.783,-425.964
-3.848,0.366,-4.000,-291.260,-425.110,-253.174
-3.134,0.754,-2.685,-613.403,-618.225,173.523
-2.332,1.606,-0.913,-659.973,-578.857,241.516
-1.474,2.078,1.117,-546.204,-538.696,207.642
-1.196,1.592,2.380,-353.271,-571.411,134.277
-0.767,1.179,3.643,-138.794,-602.966,47.607
0.110,1.439,4.000,-115.356,-496.033,25.635
0.391,1.784,3.567,-67.749,-359.253,-15.442
0.416,1.885,2.804,114.685,-150.391,-164.978
0.242,1.548,1.822,131.409,-92.896,-229.187
-0.104,0.537,-0.009,78.979,-82.642,-246.155
-0.179,0.306,-0.411,28.137,-122.131,-224.243
-0.031,0.149,-0.210,-58.044,-251.648,-122.559
0.287,0.380,1.051,-98.999,-266.174,-61.401
0.335,0.546,1.296,-94.177,-219.910,-21.118
0.303,0.662,1.111,53.528,-43.457,2.380
0.252,0.740,0.681,120.117,15.747,4.944
0.248,0.721,0.276,132.812,37.109,6.592
0.289,0.623,0.336,99.609,40.283,8.545
0.318,0.546,0.378,47.363,65.552,30.518
0.237,0.619,0.139,55.298,82.214,49.011
0.202,0.680,0.050,58.899,81.116,62.561
0.203,0.734,0.100,2.808,37.292,72.510
0.238,0.904,0.156,-65.674,11.047,63.477
0.106,1.262,0.067,-122.742,-23.682,22.766
0.208,1.095,0.144,-119.263,-52.979,-38.086
0.488,0.920,0.147,-44.373,-61.035,-95.093
0.418,0.711,0.269,-34.546,-71.289,-84.290
0.347,0.669,0.473,-43.274,-84.961,-66.406
0.333,0.620,0.607,-27.222,-58.594,-39.063
0.285,0.611,0.577,-20.508,-28.687,-20.203
0.223,0.906,0.378,-28.687,-12.451,-6.287
0.249,0.911,0.422,-35.400,-12.878,-11.108
0.283,0.809,0.488,-26.672,-16.479,-33.813
0.276,0.864,0.356,-19.043,-10.193,-29.114
0.311,0.858,0.329,-14.893,-7.568,-27.161
0.325,0.737,0.361,3.662,-4.578,-23.071
0.304,0.633,0.376,6.226,1.038,-2.563
0.391,0.726,0.400,0.488,6.653,25.269
0.501,0.844,0.409,-23.865,8.667,45.898
0.547,0.905,0.438,-112.000,-3.357,48.523
0.461,0.980,0.572,-147.461,-5.493,44.983
0.381,1.026,0.571,-166.809,4.150,40.833
0.293,1.047,0.513,-197.327,32.288,14.099
0.183,0.997,0.432,-192.627,38.818,-0.977
-0.003,0.749,0.305,-165.649,40.466,-3.296
0.079,0.706,0.344,-131.104,40.466,10.681
0.157,0.764,0.430,-64.575,63.049,58.044
0.045,1.075,0.507,-45.959,89.722,71.838
0.029,1.167,0.448,-21.362,119.812,70.251
0.037,1.097,0.327,-14.099,161.743,28.015
-0.003,0.914,0.186,-39.734,170.593,12.878
-0.111,0.730,-0.075,-46.204,175.598,14.771
-0.113,0.797,-0.136,-31.860,176.086,27.222
-0.104,0.919,-0.145,8.301,166.687,44.922
-0.098,1.099,-0.043,28.259,164.001,40.527
-0.089,1.099,-0.009,50.720,166.870,29.480
-0.069,1.088,-0.063,108.948,180.786,16.479
-0.073,1.090,-0.159,144.775,176.758,18.860
-0.253,1.065,-0.197,166.565,165.466,22.888
-0.342,1.026,-0.177,157.654,154.785,24.109
-0.363,0.982,-0.187,74.646,143.860,17.273
-0.264,0.957,-0.225,45.776,136.963,15.015
-0.225,1.033,-0.239,36.377,126.648,14.709
-0.204,1.162,-0.265,28.870,93.262,-13.489
-0.178,0.967,-0.207,7.751,71.411,-42.725
-0.158,0.756,-0.098,-19.165,52.795,-55.420
-0.145,0.671,0.049,-31.982,43.152,-42.725
-0.162,0.710,0.163,-17.883,63.416,8.362
-0.244,0.857,0.033,-13.062,85.510,21.240
-0.263,0.880,-0.089,-7.507,100.830,24.536
-0.274,0.886,-0.163,-2.441,99.915,27.161
-0.306,0.908,-0.246,-4.333,92.712,32.227
-0.319,0.905,-0.291,-2.502,84.961,40.161
-0.315,0.908,-0.321,-5.554,75.195,51.819
-0.341,0.931,-0.304,-46.814,48.706,74.585
-0.411,0.925,-0.267,-70.801,42.542,78.125
-0.418,0.933,-0.323,-85.205,45.471,80.627
-0.456,0.961,-0.403,-46.326,59.265,86.792
-0.476,1.009,-0.586,-24.231,59.265,87.280
-0.462,1.060,-0.611,-16.113,51.758,87.097
-0.479,1.110,-0.594,-14.832,28.442,77.576
-0.495,1.106,-0.585,-21.362,15.503,66.101
-0.497,0.952,-0.475,-33.752,1.770,56.763
-0.508,0.917,-0.414,-33.691,-5.310,54.077
-0.527,0.967,-0.434,48.279,8.118,61.768
-0.536,1.192,-0.591,78.186,8.179,61.035
-0.540,1.238,-0.580,67.688,-7.141,51.147
-0.551,1.205,-0.512,12.085,-49.316,14.099
-0.547,1.129,-0.442,5.676,-60.425,-2.747
-0.548,1.016,-0.343,18.005,-65.491,-15.625
-0.551,0.956,-0.342,36.926,-66.956,-26.489
-0.548,0.877,-0.351,35.095,-72.754,-39.734
-0.585,0.753,-0.417,26.978,-76.294,-38.269
-0.532,0.734,-0.467,19.470,-84.167,-32.410
-0.300,0.724,-0.515,9.460,-136.597,-21.118
-0.174,0.655,-0.527,17.761,-174.927,-15.137
-0.522,0.559,-0.294,15.320,-206.116,4.150
-0.569,0.665,-0.128,7.935,-223.083,34.241
-0.581,0.822,0.023,16.418,-223.389,76.233
-0.620,1.049,0.253,35.461,-210.999,74.890
-0.658,1.071,0.299,66.040,-189.575,60.547
-0.622,1.032,0.250,140.625,-131.287,18.677
-0.559,0.942,0.129,149.658,-113.770,9.155
-0.628,0.846,-0.157,149.658,-105.896,13.794
-0.683,0.909,-0.316,151.245,-106.689,26.733
-0.637,1.006,-0.472,161.743,-146.973,36.987
-0.426,1.008,-0.734,158.997,-189.819,24.597
-0.360,0.891,-0.746,131.104,-247.070,13.489
-0.394,0.821,-0.612,-3.174,-377.747,53.711
-0.564,0.840,-0.370,-28.687,-431.702,80.750
-1.103,0.919,0.163,-31.799,-466.553,91.003
-1.335,0.887,0.369,-27.466,-473.572,88.013
-1.499,0.760,0.495,-37.170,-406.494,72.205
-1.121,0.798,0.665,-38.452,-367.920,96.863
-0.818,1.124,0.810,-42.419,-347.473,139.160
-0.658,1.501,0.967,20.935,-282.471,157.410
-0.551,1.797,1.046,70.251,-218.018,100.708
-0.492,1.641,0.918,105.164,-158.325,14.038
-0.461,1.249,0.789,127.625,-113.342,-69.092
-0.445,0.835,0.650,72.998,-74.219,-140.869
-0.456,0.293,0.577,19.104,-79.529,-124.573
-0.448,0.260,0.649,-19.714,-88.135,-83.923
-0.433,0.379,0.725,-62.012,-77.148,7.019
-0.413,0.577,0.765,-73.181,-60.120,32.227
-0.333,0.915,0.795,-82.458,-44.434,41.565
-0.295,1.018,0.835,-94.177,-31.860,40.466
-0.289,1.084,0.862,-107.178,4.456,20.996
-0.363,1.042,0.741,-102.478,31.738,3.052
-0.399,0.925,0.633,-97.656,59.143,-15.198
-0.412,0.820,0.521,-96.069,100.586,-23.071
-0.409,0.770,0.440,-108.276,111.450,-15.869
-0.458,0.780,0.416,-125.549,122.009,-7.568
-0.501,0.819,0.395,-134.033,139.343,-0.183
-0.548,0.855,0.321,-119.507,193.237,1.892
-0.669,0.837,0.092,-103.882,219.604,-1.221
-0.716,0.801,0.017,-93.872,239.624,-1.770
-0.772,0.785,-0.014,-58.411,265.991,8.423
-0.739,0.810,-0.022,-38.452,273.987,12.878
-0.549,0.861,-0.022,-60.974,269.104,6.836
-0.662,0.812,0.036,-98.816,253.235,-10.437
-0.833,0.750,0.145,-137.390,230.774,-47.302
-1.060,0.723,0.349,-128.296,244.141,-55.786
-1.184,0.702,0.332,-100.769,276.550,-62.683
-1.338,0.621,0.228,-40.405,349.548,-83.801
-1.466,0.498,0.087,-23.132,373.291,-84.717
-1.569,0.397,-0.246,-15.564,388.428,-68.359
-1.492,0.515,-0.409,-23.804,392.456,-39.734
-1.339,0.654,-0.534,-53.162,372.314,-3.723
-1.247,0.786,-0.695,-67.322,350.708,-5.554
-1.279,0.789,-0.746,-84.045,320.557,-16.418
-1.248,0.778,-0.787,-108.582,250.000,-46.997
-1.159,0.756,-0.817,-115.417,214.416,-60.669
-0.978,0.676,-0.856,-120.056,179.810,-70.984
-0.884,0.626,-0.872,-124.817,145.874,-76.050
-0.810,0.582,-0.871,-146.240,71.838,-67.688
-0.789,0.520,-0.774,-158.997,34.607,-59.326
-0.789,0.472,-0.650,-166.931,1.343,-53.406
-0.783,0.406,-0.493,-163.574,-27.100,-33.264
-0.789,0.397,-0.392,-156.128,-11.475,-2.380
-0.786,0.800,-0.422,-141.968,14.404,35.767
-0.797,1.116,-0.502,-120.361,40.344,62.073
-0.821,1.366,-0.624,-56.396,70.496,26.001
-0.842,1.401,-0.866,-18.860,65.491,-30.884
-0.862,1.185,-0.910,20.874,47.791,-94.482
-0.900,0.880,-0.915,69.214,0.305,-180.603
-0.902,0.576,-0.905,65.735,-24.109,-182.495
-0.799,0.236,-0.882,49.133,-49.072,-157.349
-0.768,0.247,-0.873,29.053,-73.792,-114.807
-0.760,0.349,-0.852,14.343,-119.263,-29.358
-0.772,0.611,-0.758,22.583,-140.137,-6.165
-0.715,0.684,-0.689,22.339,-161.682,0.488
-0.640,0.690,-0.582,-4.089,-210.999,-13.184
-0.587,0.653,-0.433,-13.550,-231.079,-20.386
-0.545,0.576,-0.110,-14.771,-239.136,-23.071
-0.527,0.577,-0.007,-0.916,-231.750,-21.179
-0.509,0.587,0.043,40.283,-183.777,-19.165
-0.458,0.550,-0.027,70.496,-150.940,-21.484
-0.427,0.507,-0.141,102.295,-120.239,-22.705
-0.412,0.455,-0.254,126.160,-92.712,-14.038
-0.406,0.410,-0.337,127.258,-94.421,-3.296
-0.415,0.361,-0.404,127.441,-101.318,9.521
-0.395,0.350,-0.401,129.333,-109.436,23.560
-0.406,0.350,-0.386,132.568,-121.460,59.143
-0.522,0.355,-0.376,132.996,-123.230,81.055
-0.551,0.396,-0.407,131.775,-124.573,110.291
-0.620,0.502,-0.445,111.389,-146.851,200.134
-0.775,0.687,-0.470,113.770,-171.326,244.873
-0.964,1.235,-0.433,122.803,-203.796,270.142
-0.965,1.475,-0.360,128.723,-245.605,262.512
-1.005,1.612,-0.248,109.863,-339.661,160.278
-1.158,1.637,0.016,108.887,-368.591,95.154
-1.159,1.567,0.123,121.155,-374.878,32.959
-1.071,1.373,0.276,157.837,-344.238,-74.524
-0.976,1.101,0.454,142.273,-320.740,-97.717
-0.883,0.848,0.748,99.976,-304.382,-94.910
-0.864,0.818,1.070,49.805,-299.377,-78.247
-0.830,0.855,1.392,21.545,-228.577,-34.424
-0.643,1.013,1.495,50.171,-146.545,-20.813
-0.595,1.099,1.286,73.425,-61.646,-15.137
-0.584,1.184,1.016,74.524,41.626,-19.714
-0.577,1.254,0.780,58.350,53.162,-32.227
-0.518,1.219,0.550,39.551,49.561,-53.345
-0.472,1.107,0.506,21.973,41.931,-77.759
-0.414,0.983,0.482,-22.827,24.170,-108.459
-0.302,0.880,0.571,-55.176,10.437,-111.023
-0.245,0.897,0.730,-97.046,-4.089,-110.596
-0.231,0.929,0.911,-158.997,1.038,-113.464
-0.291,0.959,0.986,-134.155,33.752,-125.183
-0.338,0.813,0.795,-88.318,75.867,-142.700
-0.358,0.693,0.666,-52.551,114.685,-153.931
-0.369,0.602,0.564,-22.156,169.373,-144.165
-0.304,0.517,0.416,-15.442,189.148,-128.967
-0.315,0.569,0.338,-13.733,206.177,-110.474
-0.392,0.690,0.233,-0.244,250.793,-77.087
-0.447,0.835,0.054,35.034,280.273,-64.697
-0.544,1.033,-0.363,55.054,295.776,-56.580
-0.555,1.081,-0.509,52.979,292.053,-56.580
-0.455,1.097,-0.635,29.358,245.544,-86.914
-0.253,0.910,-0.723,2.869,202.759,-113.281
-0.200,0.690,-0.628,-28.320,152.405,-137.695
-0.171,0.457,-0.449,-88.257,65.369,-143.433
-0.160,0.277,-0.213,-98.328,47.729,-119.690
-0.107,0.221,0.217,-89.172,53.711,-84.900
-0.186,0.355,0.276,-64.758,82.825,-47.363
-0.210,0.471,0.145,9.949,183.289,-14.771
-0.265,0.341,-0.409,34.851,223.328,-5.432
-0.282,0.364,-0.694,39.490,240.051,18.127
-0.253,0.488,-0.870,-12.451,186.035,70.923
-0.255,0.617,-0.902,-41.199,142.334,81.970
-0.331,0.794,-0.820,-54.993,112.305,87.891
-0.331,0.900,-0.831,-55.847,95.581,93.079
-0.305,0.996,-0.834,-68.970,51.697,83.984
-0.238,1.006,-0.621,-81.726,20.264,64.514
-0.214,0.891,-0.425,-86.121,-5.859,40.161
-0.211,0.732,-0.232,-60.791,-11.047,6.775
-0.247,0.579,-0.101,-38.208,15.442,12.024
-0.369,0.538,-0.217,-10.071,56.152,34.851
-0.434,0.706,-0.446,14.832,97.168,68.054
-0.486,0.941,-0.685,35.278,127.441,119.385
-0.524,1.330,-0.944,25.330,108.826,119.019
-0.551,1.412,-0.944,6.958,78.003,100.586
-0.578,1.419,-0.905,-12.512,25.513,38.635
-0.580,1.373,-0.870,-9.094,11.292,10.315
-0.570,1.180,-0.835,-3.174,2.686,-10.132
-0.570,1.091,-0.839,1.526,-2.563,-21.240
-0.563,1.051,-0.854,0.793,-11.780,-21.240
-0.532,1.044,-0.882,3.113,-19.653,-18.860
-0.518,1.057,-0.870,5.188,-31.311,-16.907
-0.502,1.092,-0.828,1.282,-60.852,-16.296
-0.482,1.139,-0.758,4.150,-73.059,-23.682
-0.417,1.149,-0.574,15.198,-81.055,-38.513
-0.374,1.063,-0.490,33.813,-83.496,-58.777
-0.334,0.931,-0.433,69.702,-73.059,-93.018
-0.288,0.690,-0.435,78.857,-63.599,-97.595
-0.282,0.631,-0.491,82.092,-55.298,-93.140
-0.279,0.634,-0.558,67.627,-56.335,-65.247
-0.268,0.752,-0.628,57.678,-67.322,-50.110
-0.268,0.812,-0.615,48.767,-82.092,-39.185
-0.271,0.851,-0.580,37.842,-97.534,-33.508
-0.273,0.858,-0.546,33.386,-120.666,-36.621
-0.247,0.792,-0.543,48.584,-128.845,-41.138
-0.243,0.749,-0.545,60.425,-139.832,-43.213
-0.253,0.741,-0.499,49.377,-168.213,-30.029
-0.259,0.839,-0.283,40.771,-175.476,-21.057
-0.238,0.883,-0.203,46.021,-172.974,-18.311
-0.211,0.884,-0.173,79.834,-152.039,-33.508
-0.194,0.846,-0.177,93.750,-143.066,-42.358
-0.195,0.742,-0.252,109.009,-138.062,-45.715
-0.197,0.724,-0.291,121.277,-139.771,-41.809
-0.200,0.746,-0.276,106.750,-162.842,-22.583
-0.208,0.818,-0.143,97.473,-170.349,-17.517
-0.211,0.812,-0.130,96.985,-168.701,-18.372
-0.209,0.765,-0.164,85.022,-166.809,-26.489
-0.220,0.683,-0.191,65.674,-182.861,-25.574
-0.288,0.519,-0.041,44.556,-207.520,-18.555
-0.341,0.486,0.094,31.799,-229.004,-7.507
-0.391,0.478,0.175,64.087,-229.980,11.780
-0.483,0.511,0.118,85.449,-220.703,20.020
-0.488,0.573,0.103,65.796,-227.295,30.762
-0.515,0.577,0.195,-85.693,-306.519,52.124
-0.579,0.484,0.504,-156.616,-349.792,79.285
-0.638,0.521,1.492,-178.650,-356.689,125.977
-0.575,0.728,1.794,-142.700,-311.768,172.607
-0.462,0.900,1.835,24.841,-121.399,194.763
-0.353,0.924,1.194,105.225,-27.649,177.246
-0.383,0.844,0.780,138.123,30.762,159.546
-0.462,0.844,0.518,56.763,24.658,164.612
-0.524,0.964,0.433,7.080,-4.456,172.974
-0.481,1.230,0.584,-25.696,-28.564,165.833
-0.463,1.181,0.722,-44.861,-39.185,140.808
-0.467,0.967,0.799,-18.616,-5.554,82.703
-0.520,0.491,0.644,7.874,24.963,81.482
-0.587,0.489,0.485,22.095,49.072,105.591
-0.635,0.630,0.350,-15.137,56.396,169.800
-0.677,0.850,0.298,-55.359,42.908,185.913
-0.763,1.270,0.368,-81.848,33.081,184.143
-0.755,1.281,0.380,-90.698,32.043,162.720
-0.751,1.070,0.363,-68.787,44.128,95.703
-0.646,0.504,0.322,-72.205,46.204,82.275
-0.688,0.456,0.437,-111.816,40.100,93.201
-0.795,0.626,0.616,-191.711,51.453,148.315
-0.891,0.924,0.767,-195.496,84.778,160.156
-1.072,1.454,0.756,-171.509,134.827,149.658
-1.137,1.547,0.468,-119.690,196.045,119.202
-1.133,1.485,0.013,-27.161,277.161,31.738
-0.932,1.094,-0.696,-39.001,254.639,-5.005
-0.785,0.891,-0.646,-92.285,190.369,-30.457
-0.667,0.732,-0.313,-226.868,48.584,-51.331
-0.607,0.642,0.159,-261.414,27.222,-54.932
-0.631,0.580,0.856,-257.751,50.232,-60.181
-0.689,0.503,0.942,-227.234,103.271,-67.444
-0.778,0.388,0.894,-165.039,221.863,-71.838
-1.000,0.261,0.650,-145.386,268.799,-59.448
-1.099,0.315,0.486,-124.268,310.425,-38.940
-1.194,0.414,0.263,-65.735,387.268,-2.319
-1.289,0.521,-0.050,-26.855,416.077,9.888
-1.248,0.708,-0.857,-0.671,425.964,18.311
-1.102,0.754,-1.189,-5.310,403.503,19.653
-0.946,0.729,-1.359,-99.854,247.620,2.625
-0.691,0.600,-1.093,-173.340,138.428,-2.991
-0.633,0.561,-0.700,-239.014,35.828,-3.906
-0.629,0.504,-0.266,-276.855,-79.773,0.122
-0.641,0.523,0.119,-275.635,-89.111,9.644
-0.691,0.716,0.743,-258.118,-69.885,15.991
-0.708,0.808,0.892,-225.159,-24.414,14.221
-0.729,0.850,0.886,-134.766,103.638,-10.925
-0.801,0.800,0.504,-94.299,160.156,-23.865
-0.818,0.759,0.239,-65.002,202.087,-31.799
-0.805,0.715,-0.013,-40.649,239.746,-39.246
-0.779,0.658,-0.226,-46.753,233.032,-42.542
-0.739,0.621,-0.493,-72.449,210.022,-42.908
-0.724,0.753,-0.516,-120.850,173.401,-41.321
-0.712,0.805,-0.438,-158.508,96.130,-64.636
-0.655,0.714,-0.308,-147.888,73.486,-75.684
-0.633,0.660,-0.277,-129.333,59.692,-78.918
-0.615,0.614,-0.249,-92.041,44.434,-74.341
-0.599,0.590,-0.231,-89.050,36.377,-71.838
-0.608,0.544,-0.191,-90.454,26.978,-71.655
-0.626,0.505,-0.183,-88.928,18.494,-72.510
-0.632,0.462,-0.188,-75.928,7.324,-68.542
-0.641,0.380,-0.166,-57.434,4.822,-64.087
-0.689,0.313,-0.123,-27.954,5.920,-60.852
-0.733,0.230,-0.131,18.311,25.330,-50.232
-0.749,0.154,-0.223,38.025,40.039,-34.119
-0.775,-0.003,-0.398,56.030,50.781,-9.155
-0.793,-0.119,-0.422,57.434,57.983,25.391
-0.865,-0.156,-0.499,63.538,84.045,149.597
-1.141,0.096,-0.788,91.858,87.830,217.590
-1.232,0.263,-0.917,114.929,70.923,267.761
-1.297,0.424,-0.989,107.788,-26.062,320.007
-1.371,0.583,-0.979,83.130,-90.393,329.346
-1.505,0.907,-0.759,57.434,-149.536,330.261
-1.512,1.067,-0.588,45.044,-195.496,321.350
-1.499,1.191,-0.401,76.172,-233.276,258.972
-1.403,1.155,-0.133,105.225,-224.609,205.933
-1.358,0.971,-0.130,138.794,-202.209,149.475
-1.338,0.745,-0.219,210.144,-146.240,68.420
-1.328,0.537,-0.365,245.789,-127.380,51.758
-1.347,0.309,-0.676,272.217,-123.413,49.133
-1.387,0.296,-0.761,279.358,-140.442,55.969
-1.433,0.314,-0.757,231.567,-225.830,74.158
-1.478,0.369,-0.574,197.937,-270.508,80.566
-1.520,0.411,-0.467,176.941,-304.749,86.609
-1.576,0.474,-0.372,178.833,-341.186,92.468
-1.612,0.556,-0.285,183.105,-349.548,85.999
-1.573,0.686,-0.104,174.133,-356.262,72.632
-1.557,0.717,-0.006,154.053,-361.999,56.824
-1.571,0.755,0.083,133.118,-359.131,32.776
-1.499,0.936,0.308,127.869,-351.135,20.630
-1.433,1.016,0.440,123.291,-336.426,-1.526
-1.363,1.011,0.554,136.292,-273.437,-84.045
-1.270,0.890,0.638,138.367,-230.957,-127.808
-1.017,0.519,0.712,119.934,-190.491,-153.503
-0.888,0.426,0.730,89.111,-153.931,-152.527
-0.777,0.456,0.716,66.284,-76.904,-96.008
-0.636,0.733,0.540,83.252,-35.339,-71.472
-0.582,0.823,0.393,104.553,1.831,-64.636
-0.541,0.829,0.252,117.310,39.429,-89.294
-0.527,0.769,0.165,95.825,37.720,-100.769
-0.474,0.655,0.265,56.396,30.273,-101.990
-0.449,0.702,0.414,13.916,26.001,-92.041
-0.451,0.818,0.600,-49.194,42.419,-65.063
-0.564,1.055,0.948,-61.523,70.190,-66.040
-0.641,1.056,1.020,-55.603,114.868,-83.435
-0.726,0.927,0.993,-17.639,238.403,-152.283
-0.807,0.674,0.873,4.150,302.917,-183.105
-0.934,0.063,0.447,16.357,358.887,-195.190
-0.979,-0.143,0.167,22.583,401.733,-183.655
-0.980,-0.261,-0.128,40.833,433.716,-106.934
-0.854,-0.275,-0.600,25.940,417.358,-53.345
-0.808,-0.183,-0.742,-9.033,384.582,3.723
-0.802,-0.028,-0.833,-86.121,300.903,109.619
-0.810,0.187,-0.883,-110.596,258.728,147.095
-0.788,0.677,-0.872,-126.160,217.224,164.856
-0.744,0.856,-0.812,-139.709,176.392,159.973
-0.712,0.953,-0.714,-167.297,104.065,101.135
-0.677,0.867,-0.436,-173.523,79.651,64.270
-0.663,0.738,-0.291,-174.622,65.674,34.119
-0.666,0.615,-0.159,-185.608,65.674,7.019
-0.693,0.526,-0.051,-197.876,78.125,4.883
-0.797,0.434,0.051,-207.031,97.168,4.578
-0.859,0.424,0.046,-214.600,120.422,5.737
-0.933,0.466,-0.002,-215.515,178.894,19.592
-1.067,0.704,-0.250,-198.730,209.595,27.832
-1.123,0.846,-0.407,-166.687,234.558,28.931
-1.186,0.979,-0.547,-129.517,243.713,-0.122
-1.230,1.152,-0.622,-144.958,223.755,-34.668
-1.224,1.216,-0.612,-131.775,199.463,-95.337
-1.182,1.015,-0.614,-109.253,174.927,-163.696
-1.143,0.797,-0.605,-109.070,120.422,-228.760
-1.040,0.609,-0.481,-125.061,95.642,-222.900
-1.008,0.603,-0.427,-136.658,79.285,-210.876
-0.933,0.581,-0.447,-110.840,69.946,-201.416
-0.923,0.510,-0.525,-108.765,54.932,-194.153
-0.945,0.390,-0.544,-137.817,23.193,-173.218
-0.876,0.429,-0.487,-179.626,-9.521,-143.250
-0.860,0.517,-0.452,-232.422,-39.673,-99.121
-0.847,0.689,-0.510,-231.018,-41.260,-96.558
-0.742,0.730,-0.519,-201.477,-36.499,-107.971
-0.773,0.705,-0.514,-52.002,3.418,-148.865
-0.879,0.619,-0.544,5.188,23.376,-162.598
-1.033,0.401,-0.672,25.391,28.687,-163.879
-1.167,0.352,-0.704,11.902,18.738,-151.917
-1.058,0.390,-0.773,-5.920,15.625,-121.582
-0.219,0.535,-1.099,10.254,19.897,-111.450
-0.393,0.517,-1.147,18.555,-1.526,-104.675
-0.642,0.455,-1.099,14.099,-81.116,-99.426
-0.752,0.370,-1.016,9.155,-112.366,-92.896
-0.756,0.223,-0.866,5.005,-136.597,-74.341
-0.654,0.225,-0.810,4.272,-155.762,-43.945
-0.557,0.280,-0.751,8.911,-184.998,24.353
-0.544,0.496,-0.549,-1.831,-199.158,50.781
-0.551,0.598,-0.424,-20.264,-209.900,66.223
-0.529,0.652,-0.314,-23.987,-207.581,63.782
-0.499,0.656,-0.229,-8.728,-195.007,58.594
-0.461,0.666,-0.129,11.475,-175.232,59.814
-0.436,0.731,-0.128,39.185,-149.475,67.017
-0.411,0.836,-0.157,91.187,-97.534,81.299
-0.445,1.055,-0.242,102.478,-77.515,78.979
-0.488,1.102,-0.290,108.826,-61.157,66.345
-0.536,1.071,-0.336,118.591,-44.556,24.231
-0.550,0.989,-0.365,112.305,-49.255,13.611
-0.413,0.926,-0.322,94.849,-60.486,16.663
-0.435,0.996,-0.259,73.608,-72.510,28.076
-0.513,1.086,-0.187,61.829,-78.125,34.790
-0.448,1.150,-0.146,77.881,-66.895,20.020
-0.373,1.095,-0.233,103.455,-50.049,-0.488
-0.362,0.992,-0.370,152.893,-33.386,-29.663
-0.425,0.764,-0.624,156.616,-46.936,-31.494
-0.488,0.713,-0.693,141.541,-75.439,-24.780
-0.536,0.708,-0.700,113.831,-116.455,-12.756
-0.491,0.743,-0.624,58.228,-216.431,16.846
-0.267,1.053,-0.191,31.677,-257.263,32.532
-0.370,1.221,0.168,-1.099,-278.198,37.415
-0.401,1.309,0.465,-15.015,-214.172,-7.446
-0.142,1.189,0.255,44.067,-139.832,-44.922
-0.032,1.008,-0.214,119.812,-72.571,-76.416
-0.027,0.809,-0.724,141.968,-57.007,-94.971
-0.120,0.619,-1.074,61.462,-119.019,-82.397
-0.331,0.350,-0.978,-35.950,-202.820,-57.068
-0.405,0.340,-0.652,-102.356,-280.762,-22.034
-0.413,0.387,-0.350,-102.722,-356.323,42.114
-0.271,0.360,-0.158,-104.309,-364.685,65.002
-0.246,0.315,-0.061,-134.460,-375.549,92.468
-0.255,0.319,0.140,-178.223,-383.850,158.325
-0.236,0.339,0.353,-158.813,-354.492,177.979
-0.156,0.179,0.494,-132.385,-308.472,188.171
-0.224,0.032,0.461,-111.816,-262.817,200.256
-0.373,-0.060,0.439,-69.946,-205.261,261.536
-0.722,0.159,0.494,-47.485,-185.425,306.091
-0.868,0.452,0.545,-27.710,-164.368,347.351
-0.971,0.791,0.556,6.836,-114.624,392.639
-0.999,1.152,0.511,5.920,-92.163,394.226
-0.943,1.865,0.392,-5.005,-71.899,375.977
-0.852,2.030,0.324,-7.263,-49.133,326.965
-0.726,1.936,0.238,-12.451,-8.423,160.522
-0.621,1.149,0.149,-26.123,6.104,88.074
-0.646,0.771,0.112,-14.648,25.879,48.828
-0.679,0.582,0.031,56.885,69.946,68.848
-0.715,0.599,-0.054,59.998,73.608,104.248
-0.809,1.027,0.112,33.203,65.002,134.888
-0.841,1.259,0.406,-4.944,56.458,145.752
-0.841,1.393,0.756,-62.134,77.515,89.783
-0.888,1.223,1.291,-94.116,115.295,39.185
-1.030,1.012,1.380,-131.409,169.189,-5.371
-1.265,0.851,1.307,-150.879,312.622,-38.696
-1.468,0.846,1.014,-119.812,387.695,-31.250
-1.662,1.140,0.102,-111.511,438.110,-25.452
-1.709,1.203,-0.270,-145.752,454.224,-36.438
-1.711,1.135,-0.569,-218.140,418.701,-105.041
-1.523,0.773,-0.941,-217.651,379.272,-136.902
-1.332,0.589,-0.968,-210.266,329.346,-155.151
-1.179,0.423,-0.927,-211.609,230.835,-156.006
-1.095,0.255,-0.892,-191.772,197.937,-140.503
-0.877,0.078,-0.925,-155.762,170.837,-107.483
-0.769,0.169,-0.872,-132.507,138.000,-61.157
-0.727,0.337,-0.715,-146.423,58.472,17.273
-0.815,0.550,-0.379,-152.222,28.870,33.386
-0.859,0.561,-0.297,-144.287,9.827,39.185
-0.764,0.597,-0.238,-103.882,-19.287,53.528
-0.564,0.690,-0.182,-81.238,-33.081,59.570
-0.735,0.955,0.239,-64.270,-47.424,55.786
-0.765,1.102,0.553,-68.542,-48.279,36.316
-0.772,1.146,0.697,-55.969,39.795,-52.856
-0.887,0.775,0.614,-28.564,99.487,-98.572
-0.895,0.526,0.435,-15.076,152.039,-123.901
-0.864,0.375,0.213,-21.973,216.553,-104.736
-0.821,0.342,-0.002,-33.691,224.915,-80.994
-0.801,0.409,-0.270,-51.758,219.482,-63.171
-0.801,0.426,-0.330,-76.294,205.322,-52.429
-0.790,0.454,-0.365,-135.864,166.504,-36.438
-0.801,0.602,-0.351,-163.696,147.034,-29.663
-0.836,0.682,-0.319,-185.486,131.348,-27.283
-0.872,0.740,-0.304,-199.036,120.483,-37.048
-0.903,0.777,-0.324,-189.148,121.948,-48.218
-0.963,0.769,-0.425,-175.842,120.728,-63.477
-0.969,0.716,-0.454,-167.297,111.816,-81.726
-0.948,0.638,-0.437,-166.016,72.449,-115.784
-0.896,0.467,-0.286,-158.813,55.908,-125.488
-0.876,0.395,-0.213,-139.648,51.575,-128.723
-0.861,0.342,-0.182,-83.679,78.857,-119.568
-0.867,0.310,-0.205,-51.819,101.013,-112.122
-0.927,0.223,-0.381,-18.188,121.582,-107.300
-0.909,0.108,-0.490,13.489,135.620,-104.736
-0.857,-0.039,-0.592,49.988,129.395,-78.552
-0.820,-0.290,-0.717,50.049,107.239,-46.814
-0.807,-0.359,-0.715,43.762,76.050,-6.042
-0.822,-0.372,-0.666,28.198,9.644,90.088
-0.863,-0.336,-0.580,29.480,-15.625,136.597
-0.916,-0.156,-0.323,35.095,-35.156,178.528
-0.939,-0.016,-0.157,42.480,-49.011,215.027
-0.940,0.167,0.014,44.922,-55.176,266.235
-1.009,0.638,0.241,37.292,-42.908,275.696
-1.056,0.816,0.232,39.734,-18.982,268.066
-1.071,0.851,0.147,88.013,34.546,206.360
-1.062,0.721,0.017,117.798,49.316,174.499
-1.050,0.262,-0.273,141.602,52.185,157.898
-1.074,0.101,-0.397,155.029,42.908,158.997
-1.139,0.026,-0.471,151.978,-3.967,189.941
-1.301,0.023,-0.473,146.301,-32.654,205.749
-1.381,0.052,-0.437,144.653,-59.143,218.811
-1.438,0.094,-0.385,156.189,-98.572,235.962
-1.484,0.162,-0.342,159.851,-109.802,238.831
-1.555,0.316,-0.355,165.100,-116.272,234.497
-1.553,0.357,-0.396,176.514,-121.460,222.900
-1.536,0.377,-0.435,207.031,-139.709,186.157
-1.486,0.377,-0.433,219.299,-152.710,162.781
-1.455,0.351,-0.403,234.619,-164.124,136.230
-1.412,0.288,-0.359,272.766,-179.443,73.914
-1.350,0.169,-0.281,280.396,-186.340,44.495
-1.173,-0.106,-0.043,277.588,-189.270,26.245
-1.091,-0.150,0.045,270.081,-183.777,22.339
-1.044,-0.107,0.062,256.714,-146.667,32.837
-0.995,0.066,-0.131,251.404,-125.183,31.128
-0.969,0.127,-0.275,247.559,-110.718,23.315
-0.961,0.180,-0.390,241.577,-114.258,2.441
-0.981,0.236,-0.451,235.901,-126.648,-8.728
-1.084,0.366,-0.430,228.394,-140.564,-20.813
-1.164,0.439,-0.367,217.285,-153.931,-33.447
-1.222,0.512,-0.284,175.232,-175.659,-54.626
-1.265,0.705,-0.082,160.583,-181.946,-61.401
-1.266,0.837,0.014,157.898,-182.068,-70.313
-1.277,0.942,0.099,147.461,-166.504,-117.249
-1.322,0.958,0.181,138.855,-153.870,-155.518
-1.318,0.613,0.315,139.099,-138.489,-194.580
-1.245,0.352,0.375,136.780,-123.962,-222.351
-1.156,0.146,0.456,77.026,-103.333,-211.487
-0.952,0.105,0.665,35.034,-88.013,-175.476
-0.870,0.306,0.715,-0.244,-62.073,-130.798
-0.831,0.591,0.699,-27.710,10.254,-71.960
-0.823,0.836,0.634,-11.169,46.082,-78.552
-0.751,0.873,0.437,11.841,75.867,-104.736
-0.713,0.690,0.373,23.376,96.741,-135.620
-0.692,0.472,0.359,3.052,121.094,-162.170
-0.692,0.198,0.419,-16.052,134.949,-147.949
-0.709,0.222,0.420,-28.809,156.006,-118.286
-0.744,0.340,0.364,-31.067,213.074,-55.847
-0.775,0.475,0.251,-28.137,238.647,-43.274
-0.805,0.546,-0.031,-28.870,255.798,-43.762
-0.810,0.474,-0.149,-30.823,264.282,-48.950
-0.805,0.385,-0.238,-39.856,262.695,-43.823
-0.829,0.327,-0.323,-52.124,255.676,-29.053
-0.856,0.375,-0.329,-68.787,246.826,-10.864
-0.871,0.453,-0.329,-106.079,232.300,18.738
-0.880,0.547,-0.339,-116.089,229.919,26.428
-0.913,0.755,-0.394,-119.019,230.225,26.733
-0.942,0.827,-0.429,-119.568,230.225,17.456
-0.969,0.849,-0.458,-132.935,217.712,-25.146
-1.000,0.769,-0.497,-143.311,205.872,-47.607
-1.004,0.726,-0.512,-149.292,193.848,-63.477
-0.996,0.701,-0.528,-154.114,173.645,-78.125
-0.973,0.681,-0.553,-154.602,164.795,-81.909
-0.920,0.659,-0.627,-153.809,153.564,-83.923
-0.891,0.690,-0.643,-154.480,137.329,-83.618
-0.861,0.760,-0.620,-176.392,90.637,-83.191
-0.860,0.955,-0.455,-188.904,67.932,-90.820
-0.890,1.041,-0.358,-190.002,53.650,-108.765
-0.945,1.084,-0.301,-155.701,62.683,-176.941
-1.005,1.062,-0.312,-132.324,79.285,-215.942
-1.053,0.811,-0.464,-102.295,95.947,-246.887
-1.079,0.581,-0.533,-51.208,110.413,-266.357
-1.143,0.377,-0.621,15.930,127.991,-239.807
-0.993,0.372,-0.871,12.634,114.868,-204.163
-0.882,0.431,-0.906,-9.094,75.684,-181.030
-0.815,0.424,-0.842,-70.068,-39.307,-180.115
-0.776,0.364,-0.713,-79.895,-83.252,-182.556
-0.671,0.182,-0.348,-70.801,-107.300,-178.650
-0.609,0.095,-0.209,-54.565,-108.521,-165.527
-0.548,0.039,-0.162,-10.498,-61.707,-108.582
-0.465,0.105,-0.289,21.851,-33.081,-70.801
-0.452,0.148,-0.410,50.049,-12.573,-35.339
-0.469,0.171,-0.503,49.927,-14.343,29.358
-0.488,0.199,-0.536,36.438,-27.832,60.364
-0.507,0.344,-0.501,23.499,-39.490,91.309
-0.529,0.468,-0.487,18.127,-45.593,120.850
-0.544,0.612,-0.492,30.273,-49.744,165.955
-0.569,0.936,-0.512,37.537,-56.274,177.551
-0.583,1.105,-0.495,40.649,-68.237,178.589
-0.592,1.238,-0.440,39.368,-101.868,140.381
-0.592,1.294,-0.345,45.654,-113.464,105.896
-0.565,1.083,-0.154,63.965,-113.159,70.313
-0.558,0.883,-0.151,90.881,-99.976,41.931
-0.559,0.687,-0.230,146.851,-63.538,19.043
-0.599,0.389,-0.467,165.100,-57.800,21.912
-0.617,0.281,-0.549,174.561,-64.392,32.410
-0.627,0.208,-0.608,163.635,-98.328,81.177
-0.674,0.181,-0.659,155.396,-117.798,118.408
-0.900,0.334,-0.760,151.123,-138.306,159.241
-0.988,0.537,-0.800,148.499,-164.795,196.899
-1.080,0.756,-0.785,129.456,-253.357,226.196
-1.212,1.133,-0.513,104.309,-305.359,218.079
-1.222,1.297,-0.252,84.839,-348.450,199.524
-1.196,1.409,0.037,106.018,-365.662,123.535
-1.045,1.421,0.412,132.751,-336.609,73.486
-0.969,1.322,0.486,150.818,-297.180,25.024
-0.905,1.202,0.528,148.987,-259.094,-13.245
-0.846,1.138,0.573,110.901,-197.083,-36.621
-0.734,1.370,0.641,105.957,-161.987,-30.090
-0.695,1.605,0.599,114.990,-119.812,-28.870
-0.681,1.798,0.502,138.611,-38.147,-85.449
-0.718,1.746,0.223,141.602,-10.315,-142.944
-0.736,1.470,0.075,146.179,8.057,-204.224
-0.721,1.118,-0.061,153.931,16.907,-253.784
-0.664,0.784,-0.167,109.497,-13.245,-281.128
-0.507,0.395,-0.157,55.237,-56.152,-258.301
-0.440,0.374,0.030,0.977,-108.459,-218.872
-0.397,0.465,0.310,-72.876,-185.486,-128.418
-0.339,0.826,0.883,-84.656,-190.674,-96.313
-0.308,0.991,1.084,-85.510,-172.363,-79.956
-0.267,1.106,1.211,-65.063,-85.083,-84.473
-0.229,1.167,1.259,-44.128,-26.855,-95.825
-0.208,1.094,1.034,-15.503,36.133,-110.596
-0.183,0.958,0.751,19.470,97.534,-125.122
-0.146,0.821,0.430,70.801,175.232,-126.099
-0.100,0.688,-0.053,71.594,181.396,-112.549
-0.078,0.667,-0.178,63.660,171.753,-97.656
-0.046,0.653,-0.235,32.837,127.869,-73.303
-0.011,0.661,-0.223,9.155,100.952,-60.120
-0.003,0.806,-0.004,-13.062,78.979,-46.936
-0.026,0.897,0.105,-23.682,70.801,-39.551
-0.035,0.952,0.141,0.916,96.863,-47.974
-0.028,0.934,0.036,24.109,114.990,-56.213
-0.021,0.862,-0.016,39.368,125.488,-64.453
-0.018,0.762,-0.014,21.423,120.117,-76.172
-0.020,0.657,0.042,0.793,113.708,-73.914
-0.052,0.540,0.228,-16.479,112.366,-64.087
-0.087,0.566,0.295,-26.733,119.995,-47.913
-0.130,0.651,0.299,-24.414,163.696,-11.169
-0.215,0.865,0.074,-14.221,192.688,0.366
-0.238,0.901,-0.117,-2.258,218.262,3.174
-0.268,0.916,-0.305,9.521,235.046,-6.409
-0.238,0.936,-0.474,4.211,219.788,-22.034
-0.138,0.646,-0.586,-14.038,188.232,-38.330
-0.145,0.446,-0.478,-42.480,150.452,-38.574
-0.150,0.373,-0.317,-83.557,104.858,22.339
-0.167,0.635,-0.051,-81.177,107.117,58.777
-0.198,0.820,-0.038,-63.843,123.169,80.139
-0.228,0.950,-0.115,-20.569,164.795,70.251
-0.250,0.991,-0.248,-6.287,174.927,50.110
-0.273,0.823,-0.485,-0.244,172.424,31.616
-0.270,0.702,-0.525,-2.319,158.936,23.010
-0.270,0.630,-0.505,-21.545,119.690,43.152
-0.314,0.695,-0.326,-29.602,105.286,61.157
-0.351,0.776,-0.226,-29.602,100.464,74.158
-0.387,0.835,-0.158,-14.526,118.896,75.623
-0.425,0.854,-0.132,-7.568,136.047,69.458
-0.516,0.787,-0.204,-0.732,153.625,64.453
-0.559,0.737,-0.289,6.409,168.640,63.416
-0.599,0.698,-0.384,15.564,181.641,70.984
-0.665,0.641,-0.542,18.066,178.589,77.026
-0.677,0.620,-0.603,20.386,171.265,85.083
-0.673,0.638,-0.660,11.047,151.123,117.126
-0.682,0.728,-0.716,0.061,140.137,136.169
-0.762,1.036,-0.843,-6.042,129.150,146.545
-0.783,1.162,-0.916,-1.953,118.164,144.409
-0.799,1.237,-0.986,35.034,92.224,113.281
-0.848,1.257,-1.146,52.002,73.059,92.285
-0.864,1.223,-1.222,66.711,45.532,70.740
-0.877,1.174,-1.260,72.388,-44.006,33.020
-0.883,1.116,-1.216,56.702,-103.333,19.348
-0.884,1.010,-0.802,38.147,-161.133,10.376
-0.891,0.987,-0.520,29.236,-204.102,5.066
-0.890,0.970,-0.281,55.054,-215.759,-8.240
-0.816,0.878,-0.143,83.130,-190.430,-17.883
-0.767,0.822,-0.240,109.192,-160.767,-24.963
-0.735,0.792,-0.377,128.174,-137.451,-25.330
-0.719,0.786,-0.493,120.422,-150.330,-23.499
-0.726,0.777,-0.526,106.140,-173.584,-23.682
-0.741,0.751,-0.457,90.942,-198.853,-26.245
-0.747,0.714,-0.379,76.172,-233.643,-31.311
-0.722,0.679,-0.228,71.655,-242.798,-29.358
-0.708,0.709,-0.164,68.604,-246.765,-24.292
-0.684,0.751,-0.115,76.050,-241.455,-18.433
-0.656,0.776,-0.078,80.017,-236.267,-22.522
-0.629,0.725,-0.071,85.571,-229.492,-29.480
-0.613,0.663,-0.105,94.055,-222.656,-36.316
-0.604,0.597,-0.133,88.501,-223.022,-39.490
-0.615,0.549,-0.104,68.665,-233.032,-31.128
-0.607,0.603,-0.022,48.218,-247.925,-15.991
-0.582,0.704,0.112,31.311,-272.827,15.198
-0.544,0.823,0.280,38.086,-268.494,19.531
-0.428,0.961,0.541,52.979,-247.681,12.390
-0.374,0.935,0.580,68.726,-214.416,-2.808
-0.338,0.857,0.544,103.699,-134.583,-31.311
-0.285,0.675,0.264,122.742,-99.670,-35.767
-0.268,0.608,0.083,131.592,-77.087,-33.508
-0.260,0.560,-0.064,114.380,-81.787,-16.785
-0.257,0.526,-0.140,97.412,-104.614,-5.310
-0.272,0.476,-0.050,79.834,-130.920,5.554
-0.289,0.440,0.069,62.378,-152.771,14.832
-0.319,0.398,0.211,15.808,-176.392,40.466
-0.395,0.401,0.557,-6.897,-179.138,64.514
-0.440,0.507,0.740,-22.888,-173.645,95.337
-0.484,0.692,0.891,-34.119,-126.038,151.855
-0.523,0.922,0.970,-26.733,-84.961,163.025
-0.579,1.287,0.843,-11.353,-39.978,157.410
-0.581,1.328,0.664,7.812,-0.061,137.024
-0.569,1.266,0.480,27.405,36.987,82.397
Collected 750/750 Samples.
Data dump complete. Waiting for next motion...
Motion detected, recording started...
aX, aY, aZ, gX, gY, gZ
Recording complete. Printing data...
aX,aY,aZ,gX,gY,gZ
0.214,1.454,-0.933,37.109,35.156,-24.048
0.203,1.176,-0.863,49.744,-9.155,-137.207
0.214,0.848,-0.768,41.382,-22.888,-155.457
0.295,0.370,-0.608,31.006,-30.518,-146.423
0.344,0.268,-0.562,20.081,-34.851,-118.469
0.415,0.256,-0.526,-12.146,-48.096,-37.720
0.458,0.472,-0.456,-36.865,-55.176,1.709
0.450,0.638,-0.438,-53.772,-58.350,30.273
0.456,0.779,-0.421,-55.542,-59.570,42.969
0.464,0.876,-0.395,-49.561,-58.228,33.691
0.470,0.942,-0.338,-42.297,-53.955,19.775
0.479,0.922,-0.322,-33.264,-47.180,4.211
0.487,0.875,-0.315,-10.620,-29.663,-21.484
0.489,0.778,-0.334,1.343,-20.142,-28.137
0.485,0.756,-0.363,11.902,-10.864,-31.311
0.483,0.751,-0.410,21.973,3.174,-34.058
0.486,0.745,-0.464,18.799,3.845,-36.316
0.491,0.675,-0.509,13.245,-0.244,-39.185
0.494,0.615,-0.492,6.897,-6.836,-40.588
0.498,0.561,-0.469,-8.789,-17.883,-31.616
0.504,0.528,-0.430,-17.639,-20.203,-21.545
0.506,0.561,-0.420,-23.987,-20.081,-10.132
0.507,0.613,-0.422,-22.888,-14.832,4.944
0.510,0.662,-0.436,-17.700,-12.329,5.554
0.515,0.691,-0.459,-11.108,-10.559,3.357
0.525,0.685,-0.464,-7.202,-10.010,1.038
0.538,0.676,-0.460,-12.695,-15.015,0.305
0.546,0.643,-0.394,-15.137,-17.883,1.038
0.546,0.632,-0.350,-14.221,-17.944,2.380
0.541,0.635,-0.323,-9.827,-6.897,7.751
0.534,0.661,-0.328,-6.348,2.441,10.925
0.514,0.758,-0.440,-1.953,11.108,12.512
0.509,0.796,-0.511,1.099,15.869,10.803
0.510,0.799,-0.553,3.662,9.888,-3.296
0.509,0.686,-0.525,3.235,3.418,-10.376
0.507,0.620,-0.486,1.221,-1.282,-12.695
0.506,0.583,-0.461,-4.028,-1.892,-2.930
0.506,0.582,-0.458,-5.859,0.610,5.554
0.512,0.691,-0.505,-7.935,2.625,13.123
0.508,0.752,-0.524,-9.460,2.625,16.357
0.503,0.775,-0.521,-4.456,-2.319,5.127
0.501,0.711,-0.466,0.977,-2.869,-2.563
0.509,0.680,-0.454,6.531,-0.488,-5.859
0.515,0.658,-0.452,8.789,3.235,-4.211
0.514,0.646,-0.453,5.920,3.845,-1.343
0.496,0.705,-0.490,3.174,5.005,2.258
0.491,0.755,-0.522,3.357,6.042,3.601
0.490,0.791,-0.550,9.338,3.784,-5.798
0.470,0.785,-0.588,8.484,-0.366,-13.733
0.454,0.762,-0.613,4.089,-5.188,-21.423
0.450,0.747,-0.667,-12.146,-12.878,-29.236
0.447,0.744,-0.744,-26.367,-20.447,-30.029
0.453,0.730,-0.839,-40.771,-34.607,-31.067
0.466,0.710,-0.781,-52.185,-55.176,-32.349
0.488,0.685,-0.661,-74.890,-94.604,-33.569
0.547,0.612,-0.394,-81.848,-103.943,-32.776
0.570,0.563,-0.312,-84.717,-103.760,-30.273
0.582,0.514,-0.288,-93.201,-82.153,-13.672
0.584,0.478,-0.307,-97.839,-67.627,1.343
0.500,0.481,-0.444,-99.915,-54.016,16.052
0.594,0.508,-0.536,-98.450,-41.687,28.076
0.589,0.537,-0.590,-78.735,-21.606,49.072
0.494,0.684,-0.504,-43.152,-10.681,47.791
0.492,0.739,-0.511,8.179,6.531,32.227
0.486,0.712,-0.567,98.328,41.321,-15.625
0.470,0.613,-0.650,129.211,52.917,-28.564
0.274,0.516,-0.821,164.246,61.096,-25.452
0.447,0.562,-0.925,171.387,62.805,-15.808
0.526,0.528,-1.028,99.487,29.114,-24.597
0.333,0.349,-1.109,85.022,3.601,-26.733
0.288,0.370,-1.144,71.533,-20.630,-13.306
0.285,0.514,-1.161,0.427,-87.585,44.434
0.271,0.749,-1.109,-28.931,-129.944,63.110
0.226,1.227,-0.864,-35.889,-165.833,58.655
0.232,1.325,-0.773,-23.193,-188.477,28.076
0.243,1.277,-0.708,18.616,-212.952,-70.190
0.254,0.866,-0.576,24.231,-228.882,-107.666
0.243,0.647,-0.534,16.602,-247.742,-125.305
0.292,0.503,-0.502,-34.851,-297.119,-104.919
0.340,0.448,-0.472,-85.083,-327.881,-80.017
0.248,0.506,-0.390,-123.840,-358.887,-56.580
0.181,0.572,-0.244,-139.465,-391.357,-38.635
0.122,0.630,0.006,-136.780,-446.960,-23.193
0.189,0.599,0.412,-133.850,-444.641,-26.917
0.245,0.528,0.429,-145.569,-422.485,-30.090
0.226,0.482,0.398,-158.020,-385.498,-9.949
0.174,0.469,0.399,-166.260,-382.629,6.714
0.182,0.427,0.498,-169.495,-379.028,21.118
0.200,0.416,0.542,-165.955,-368.408,35.950
0.209,0.478,0.569,-183.105,-336.609,81.177
0.151,0.805,0.648,-180.664,-326.416,101.624
0.116,0.976,0.676,-165.161,-315.186,108.521
0.091,1.035,0.659,-142.700,-280.029,70.557
0.074,0.915,0.563,-143.982,-262.939,41.992
0.046,0.411,0.332,-153.809,-261.963,29.846
-0.000,0.267,0.320,-182.251,-280.029,47.180
-0.106,0.287,0.353,-243.408,-324.097,152.954
-0.411,0.749,0.452,-257.568,-336.548,209.106
-0.564,1.082,0.559,-247.681,-345.459,247.803
-0.679,1.405,0.761,-195.557,-360.168,246.704
-0.738,1.645,1.007,-198.853,-346.741,203.674
-0.737,1.715,1.415,-213.257,-313.293,145.996
-0.726,1.571,1.521,-223.816,-261.047,89.539
-0.734,1.388,1.556,-167.908,-114.258,22.095
-0.773,1.153,1.349,-114.990,-33.752,15.381
-0.804,1.126,1.053,-95.215,37.720,19.409
-0.817,1.131,0.740,-97.717,121.399,34.485
-0.832,1.184,0.496,-83.557,134.094,41.077
-0.791,1.517,0.312,-67.200,131.226,41.992
-0.706,1.702,0.366,-65.186,120.789,30.701
-0.617,1.796,0.438,-122.925,118.652,-35.217
-0.452,1.588,0.445,-148.254,136.902,-79.285
-0.403,1.324,0.321,-159.180,167.480,-119.263
-0.402,1.035,0.114,-143.555,231.873,-163.147
-0.411,0.796,-0.116,-125.671,242.676,-162.170
-0.395,0.655,-0.370,-103.027,233.887,-150.024
-0.359,0.741,-0.305,-84.167,211.182,-135.315
-0.317,0.865,-0.116,-95.032,170.654,-128.113
-0.284,1.023,0.376,-112.976,175.781,-140.137
-0.322,1.014,0.535,-122.437,206.482,-159.119
-0.406,0.945,0.529,-97.412,335.693,-202.209
-0.515,0.822,0.318,-82.031,407.898,-219.299
-0.657,0.587,-0.524,-63.904,464.722,-229.248
-0.630,0.507,-0.982,-51.819,497.131,-233.093
-0.574,0.431,-1.390,-41.687,484.680,-231.567
-0.428,0.436,-1.937,-18.616,441.711,-222.961
-0.304,0.559,-1.981,1.587,376.831,-209.900
-0.156,0.650,-1.820,-51.392,223.083,-210.266
-0.048,0.600,-1.503,-101.929,166.626,-228.455
0.077,0.252,-0.812,-125.305,138.306,-244.568
0.105,0.057,-0.608,-122.498,137.512,-249.023
0.110,-0.086,-0.546,-64.819,181.885,-206.482
0.049,-0.005,-0.640,-28.503,202.270,-165.955
0.038,0.197,-0.667,-7.202,212.830,-125.793
-0.086,0.450,-0.668,71.838,240.173,-89.783
-0.239,0.686,-0.740,178.711,274.841,-102.112
-0.203,0.860,-1.001,232.971,302.673,-122.559
-0.187,0.763,-1.059,254.333,318.420,-141.541
-0.121,0.625,-1.109,246.765,333.069,-133.301
-0.048,0.483,-1.233,208.069,325.989,-103.210
-0.054,0.495,-1.276,174.194,307.495,-68.726
-0.122,0.524,-1.275,154.602,251.404,-14.771
-0.224,0.570,-1.239,131.165,222.046,5.432
-0.135,0.678,-1.127,105.408,199.524,19.531
-0.100,0.628,-1.123,95.276,189.331,27.222
-0.244,0.512,-1.247,215.271,194.580,56.274
-0.667,0.577,-1.760,240.967,172.913,97.046
-0.711,0.824,-1.898,178.833,111.877,141.235
-0.722,1.074,-1.782,37.170,-83.740,161.377
-0.745,1.187,-1.435,9.277,-161.743,131.287
-0.756,0.948,-0.623,3.296,-196.777,94.299
-0.730,0.744,-0.429,18.250,-188.843,67.444
-0.684,0.614,-0.423,88.379,-116.821,72.449
-0.686,0.809,-0.713,89.478,-95.703,94.543
-0.697,1.054,-0.823,78.369,-97.290,109.985
-0.683,1.254,-0.841,124.084,-139.587,70.618
-0.662,1.314,-0.776,171.814,-160.400,16.785
-0.604,0.936,-0.589,215.210,-175.415,-39.856
-0.567,0.633,-0.569,248.047,-187.378,-78.369
-0.584,0.388,-0.589,253.601,-229.248,-62.744
-0.652,0.307,-0.531,221.130,-265.503,-21.606
-0.566,0.479,-0.384,172.913,-308.105,22.522
-0.538,0.703,-0.142,107.971,-378.601,71.838
-0.523,0.911,0.146,120.300,-384.949,65.430
-0.454,1.126,0.582,135.925,-367.859,41.199
-0.272,1.201,0.557,146.545,-330.749,5.615
-0.210,1.233,0.444,158.203,-264.954,-81.665
-0.487,0.800,0.683,217.651,-247.742,-114.990
-0.412,0.647,0.744,227.783,-222.168,-119.568
-0.285,0.601,0.586,115.906,-167.847,-76.172
-0.158,0.575,0.318,51.208,-173.706,-54.687
-0.140,0.761,0.237,-6.531,-206.787,-30.579
-0.214,1.143,0.595,-53.040,-246.948,-7.263
-0.282,1.466,1.094,-23.315,-259.338,-31.189
-0.278,1.213,1.614,15.076,-220.276,-70.618
-0.231,1.010,1.547,-5.066,-174.255,-93.262
-0.187,0.979,1.458,-129.089,-119.629,-82.458
-0.114,1.105,1.440,-152.588,-107.056,-73.181
-0.137,1.197,1.511,-144.592,-93.628,-65.735
-0.197,1.306,1.563,-133.972,-71.838,-63.477
-0.214,1.340,1.517,-146.423,-6.958,-94.604
-0.075,1.043,1.182,-164.673,15.625,-115.967
-0.025,0.865,1.105,-197.998,23.010,-126.953
-0.028,0.783,1.135,-270.996,33.569,-122.620
-0.100,0.845,1.196,-275.208,56.396,-123.901
-0.090,0.898,1.099,-243.408,89.661,-134.888
-0.017,0.879,0.948,-85.999,149.048,-177.612
0.028,0.786,0.832,-19.287,165.649,-195.251
0.123,0.547,0.746,4.333,177.795,-204.712
0.243,0.419,0.701,1.465,191.101,-204.529
0.297,0.269,0.615,10.254,224.792,-156.677
0.121,0.233,0.473,8.606,238.525,-108.826
0.045,0.444,0.471,0.793,252.319,-62.073
0.030,0.647,0.435,-17.578,302.368,-19.348
0.016,0.736,0.257,-41.626,330.261,-12.817
-0.136,0.841,-0.344,-56.152,344.971,-4.456
-0.218,0.953,-0.531,-44.250,341.431,1.648
-0.266,1.023,-0.554,1.343,296.692,-13.184
-0.357,0.854,-0.336,8.667,279.541,-23.132
-0.475,0.811,-0.319,20.569,280.640,-20.935
-0.672,0.934,-0.434,172.729,321.167,14.587
-0.812,1.179,-0.588,256.104,330.383,24.048
-0.760,1.209,-0.716,275.085,320.129,16.052
-0.848,1.029,-0.607,274.414,302.124,5.737
-0.932,0.914,-0.394,254.333,299.072,33.142
-1.074,0.891,-0.219,197.998,320.618,66.345
-1.194,1.015,-0.595,161.621,347.778,101.013
-1.087,1.338,-1.426,318.726,315.796,123.291
-0.899,1.446,-1.913,272.766,193.909,103.088
-0.870,1.102,-0.735,82.581,81.726,103.027
-0.873,1.200,-0.362,-57.434,44.800,118.652
-0.880,1.348,-0.428,-55.603,92.285,119.446
-0.810,1.380,-0.906,-59.570,90.576,102.295
-0.765,1.318,-0.860,-93.323,61.218,85.510
-0.724,1.277,-0.709,-129.944,17.578,61.157
-0.685,1.253,-0.610,-108.337,20.264,49.316
-0.678,1.236,-0.738,-90.149,26.306,36.499
-0.692,1.256,-0.838,-89.294,23.499,22.705
-0.644,1.256,-0.811,-53.467,-10.193,-10.376
-0.559,1.212,-0.553,1.892,-23.743,-22.705
-0.536,1.302,-0.484,37.476,-33.997,-30.823
-0.509,1.445,-0.462,-0.305,-58.533,-62.683
-0.495,1.566,-0.438,-24.841,-70.557,-92.407
-0.547,1.412,-0.379,-25.940,-78.552,-126.526
-0.572,1.163,-0.378,-18.982,-84.229,-156.006
-0.543,0.951,-0.361,-58.289,-102.905,-176.025
-0.404,0.999,-0.207,-88.623,-108.948,-167.725
-0.382,1.177,-0.189,-88.318,-104.492,-160.156
-0.374,1.276,-0.267,-25.635,-83.618,-179.687
-0.357,1.254,-0.384,-27.710,-85.266,-197.144
-0.349,1.040,-0.521,-55.115,-96.008,-208.130
-0.319,0.919,-0.450,-75.928,-110.901,-211.243
-0.291,0.714,-0.287,-54.138,-128.601,-199.158
-0.148,0.307,-0.012,-44.067,-123.169,-176.819
-0.056,0.370,0.001,-53.467,-111.511,-144.653
-0.023,0.550,-0.058,-73.730,-92.224,-105.652
-0.010,0.652,-0.118,-36.743,-93.750,-112.488
0.061,0.561,0.063,14.832,-101.318,-126.709
0.084,0.418,0.204,63.049,-105.164,-142.395
0.102,0.173,0.309,86.731,-97.595,-159.790
0.173,-0.392,0.588,54.016,-91.736,-146.973
0.191,-0.554,0.752,27.222,-80.017,-115.662
0.197,-0.585,0.803,32.104,-36.621,-27.222
0.203,-0.551,0.753,46.387,-19.775,13.245
0.182,-0.379,0.766,59.143,-6.653,47.119
0.127,-0.301,0.778,65.308,10.620,72.754
0.098,-0.278,0.737,68.176,54.138,121.948
-0.042,-0.204,0.621,71.777,72.754,157.776
-0.140,-0.127,0.544,63.782,89.539,196.838
-0.241,0.013,0.522,31.311,117.065,270.081
-0.351,0.227,0.496,26.428,134.338,300.415
-0.589,0.839,0.108,20.020,149.414,323.791
-0.661,1.151,-0.137,7.568,153.137,339.294
-0.689,1.455,-0.288,-10.437,131.348,337.524
-0.689,1.825,-0.511,-1.038,119.873,317.017
-0.664,1.857,-0.548,12.695,112.366,297.852
-0.674,1.979,-0.629,26.184,119.446,272.339
-0.668,2.121,-0.865,-3.174,98.450,230.408
-0.714,1.700,-0.809,-54.382,57.312,170.776
-0.772,1.114,-0.652,-105.164,27.893,120.972
-0.866,0.637,-0.541,-144.714,33.508,139.832
-0.994,0.751,-0.412,-116.455,54.504,196.716
-1.020,1.182,-0.522,-70.068,83.740,254.395
-1.068,1.599,-0.849,-32.104,137.695,284.912
-1.143,1.917,-1.352,-30.151,131.409,243.530
-1.114,2.189,-1.971,1.831,84.717,173.279
-1.034,2.007,-1.733,42.603,6.958,90.637
-0.985,1.675,-1.311,92.896,-109.680,-32.532
-0.996,1.135,-0.831,119.141,-116.882,-58.716
-1.023,1.006,-0.847,142.517,-108.337,-71.411
-1.044,0.916,-0.901,152.283,-112.366,-87.341
-1.057,0.834,-0.911,144.897,-129.272,-93.567
-1.055,0.667,-0.818,139.282,-148.804,-97.046
-1.023,0.598,-0.743,139.099,-167.114,-96.436
-0.983,0.558,-0.644,142.395,-192.383,-87.585
-0.928,0.496,-0.509,139.893,-197.144,-83.435
-0.904,0.485,-0.481,127.930,-201.721,-79.834
-0.889,0.447,-0.407,87.646,-222.839,-76.172
-0.863,0.354,-0.279,69.885,-230.896,-70.679
-0.764,0.154,-0.083,53.284,-231.262,-57.007
-0.717,0.109,-0.069,36.682,-226.990,-35.828
-0.696,0.101,-0.063,-7.324,-223.633,14.954
-0.721,0.084,-0.028,-34.180,-225.708,39.673
-0.767,0.045,-0.017,-61.768,-229.431,64.575
-0.820,-0.006,-0.016,-106.689,-243.958,123.169
-0.862,-0.057,-0.014,-126.953,-253.662,159.668
-0.918,-0.083,0.108,-150.696,-260.498,201.355
-0.986,-0.039,0.170,-169.128,-258.423,245.300
-1.077,-0.003,0.146,-150.452,-235.901,319.397
-1.330,0.026,-0.026,-120.728,-231.140,348.145
-1.509,0.130,-0.218,-78.613,-232.178,375.183
-1.660,0.303,-0.462,14.282,-270.813,417.969
-1.708,0.515,-0.486,9.766,-308.472,426.025
-1.728,0.739,0.233,-8.911,-327.881,418.762
-1.583,0.618,0.537,-7.385,-315.796,401.794
-1.452,0.559,0.714,45.959,-219.666,410.828
-1.370,1.129,0.413,72.327,-161.072,430.481
-1.338,1.605,0.148,71.228,-120.422,431.457
-1.294,2.015,-0.063,37.476,-90.332,333.862
-1.215,2.239,-0.175,29.724,-90.454,245.178
-1.068,2.067,-0.014,17.273,-93.689,150.818
-1.036,1.830,0.202,1.038,-91.309,66.101
-1.028,1.582,0.402,11.292,-40.222,-57.678
-1.063,1.098,0.439,25.024,4.272,-99.304
-1.099,0.911,0.326,25.818,49.622,-128.418
-1.137,0.803,0.199,-1.892,122.803,-157.715
-1.171,0.776,0.081,-26.978,145.325,-169.189
-1.206,0.803,-0.016,-58.899,158.020,-184.998
-1.224,0.803,-0.010,-90.637,165.894,-205.261
-1.257,0.803,-0.024,-132.019,181.580,-254.456
-1.345,0.736,-0.111,-138.916,186.707,-283.142
-1.365,0.624,-0.110,-140.198,187.988,-312.012
-1.385,0.486,-0.061,-149.353,191.406,-351.929
-1.426,0.358,-0.022,-148.865,201.660,-359.192
-1.489,0.185,-0.142,-144.409,214.539,-359.192
-1.485,0.149,-0.191,-145.142,222.961,-354.187
-1.480,0.114,-0.167,-166.504,226.196,-342.712
-1.468,-0.041,-0.134,-169.739,229.431,-335.937
-1.465,-0.095,-0.184,-161.926,233.887,-323.853
-1.445,-0.049,-0.269,-120.422,239.319,-284.668
-1.417,0.066,-0.349,-104.980,238.708,-269.775
-1.416,0.184,-0.500,-91.736,237.793,-262.146
-1.399,0.154,-0.635,-75.073,236.511,-257.202
-1.351,0.140,-0.775,-52.673,217.651,-233.459
-1.219,0.373,-0.866,-51.392,202.332,-215.942
-1.189,0.504,-0.955,-50.354,194.580,-203.979
-1.172,0.552,-1.137,-59.143,183.899,-205.322
-1.132,0.535,-1.256,-88.501,159.485,-210.571
-1.021,0.512,-1.049,-114.746,133.423,-213.135
-0.992,0.611,-1.057,-127.625,120.361,-213.013
-0.950,0.742,-1.167,-131.958,100.403,-237.122
-0.982,0.445,-1.233,-118.713,82.520,-259.155
-0.972,0.121,-1.288,-101.501,68.909,-266.479
-0.918,-0.085,-1.345,-58.411,47.180,-213.623
-0.863,-0.046,-1.383,-32.104,37.903,-179.932
-0.828,0.187,-1.549,-2.136,30.273,-162.292
-0.836,0.118,-1.668,26.611,20.203,-154.907
-0.821,0.022,-1.749,30.396,-26.245,-133.118
-0.750,0.135,-1.695,12.878,-61.829,-117.493
-0.741,0.186,-1.552,10.620,-97.595,-106.384
-0.714,0.116,-1.348,38.757,-156.677,-84.412
-0.639,0.079,-1.090,43.640,-173.645,-55.725
-0.474,0.470,-0.685,51.880,-175.903,-22.888
-0.419,0.810,-0.654,73.853,-168.640,-0.183
-0.394,1.091,-0.672,128.052,-163.696,-13.672
-0.373,1.081,-0.576,127.563,-170.776,-40.710
-0.323,0.981,-0.436,120.728,-178.650,-62.378
-0.277,1.002,-0.394,136.169,-178.711,-80.139
-0.300,1.050,-0.485,146.484,-181.396,-96.375
-0.333,0.734,-0.617,133.606,-200.134,-122.620
-0.295,0.382,-0.368,112.915,-229.431,-139.343
-0.252,0.217,-0.108,132.690,-234.924,-87.463
-0.203,0.355,0.061,144.592,-214.539,-51.392
-0.226,0.185,0.088,129.944,-198.120,-31.860
-0.300,-0.309,0.137,16.907,-183.838,7.690
-0.384,-0.961,0.274,-34.607,-176.880,75.684
-0.806,-1.616,0.432,-41.504,-152.832,192.627
-1.185,-1.149,0.172,-9.583,-114.136,343.140
-1.422,-0.057,0.008,102.783,-102.966,598.511
-0.822,3.231,0.528,153.809,-134.338,632.446
-0.347,4.000,0.668,181.641,-147.217,561.096
-0.057,4.000,0.467,96.558,-96.558,125.854
-0.046,3.731,0.037,31.921,-79.895,-77.087
-0.425,1.718,-0.357,-18.616,-86.792,-179.138
-0.472,1.114,-0.139,-53.772,-102.905,-191.650
-0.406,0.925,0.068,-98.938,-93.933,-127.075
-0.311,1.012,-0.146,-109.375,-76.904,-107.971
-0.323,1.021,-0.365,-105.713,-72.449,-102.722
-0.345,1.031,-0.490,-47.302,-108.398,-109.375
-0.363,1.017,-0.396,3.357,-132.690,-118.164
-0.335,0.885,-0.251,43.091,-151.123,-128.235
-0.307,0.698,-0.090,54.687,-160.950,-132.690
-0.315,0.504,0.005,16.235,-152.283,-111.267
-0.415,-0.038,-0.101,-16.418,-147.339,-91.431
-0.496,-0.443,-0.026,-49.927,-154.419,-62.622
-0.586,-0.855,0.104,-102.844,-152.954,61.951
-0.739,-1.133,-0.045,-138.184,-133.850,174.194
-0.854,-0.592,-0.172,-182.983,-120.544,309.753
-0.959,0.245,-0.253,-173.645,-138.916,484.558
-0.934,1.088,-0.098,-116.760,-174.561,478.699
-0.461,2.411,0.926,-38.818,-197.754,419.800
-0.242,2.657,1.099,46.021,-181.396,321.594
-0.147,2.596,0.854,181.763,-83.191,97.168
-0.226,2.031,-0.019,206.848,-52.612,13.184
-0.318,1.646,-0.316,179.871,-44.189,-41.931
-0.461,1.147,-0.494,10.559,-63.904,-79.590
-0.622,0.491,-0.567,-85.449,-85.449,-62.378
-0.729,-0.745,-0.420,-165.649,-111.389,-7.141
-0.705,-0.661,-0.248,-204.163,-133.118,87.708
-0.682,-0.096,-0.065,-151.001,-148.254,253.906
-0.675,0.732,0.339,-121.094,-144.409,267.212
-0.661,0.746,0.481,-102.417,-130.249,254.211
-0.604,0.853,0.648,-75.317,-83.801,253.235
-0.493,1.328,0.907,-57.739,-44.556,256.714
-0.330,2.999,1.146,-6.714,17.517,226.013
-0.373,3.498,0.885,78.674,93.567,143.799
-0.500,3.496,0.520,206.421,204.468,-108.215
-0.878,2.459,-0.313,212.708,231.750,-216.614
-1.035,1.832,-0.707,185.608,238.281,-290.833
-1.141,1.249,-0.859,63.721,171.814,-348.633
-1.217,0.666,-0.769,-3.540,125.061,-344.543
-1.212,-1.233,-0.409,-62.073,85.510,-320.190
-1.087,-2.595,-0.032,-110.291,52.490,-255.920
-0.919,-3.413,0.569,-64.758,38.208,94.788
-0.958,-1.057,1.617,87.341,74.463,312.378
-1.186,0.731,1.749,244.019,130.920,437.561
-1.454,1.736,1.434,344.116,262.817,394.897
-1.588,2.149,0.839,299.805,307.129,352.295
-1.303,3.362,-0.639,223.083,327.515,330.261
-1.031,3.984,-1.513,140.747,317.322,290.771
-0.798,4.000,-2.107,13.733,154.663,18.921
-0.909,3.319,-1.934,-61.401,34.668,-178.955
-1.286,2.232,-1.541,-156.860,-69.092,-331.055
-1.719,1.179,-1.047,-325.806,-225.830,-405.518
-1.999,0.202,-0.386,-381.103,-290.283,-382.629
-1.560,-2.154,1.557,-478.882,-324.463,-321.167
-0.952,-2.653,2.198,-616.760,-290.588,-173.584
-0.510,-1.867,1.980,-649.048,-66.772,276.001
-0.297,1.172,1.588,-444.397,-14.587,365.295
-0.272,1.755,2.197,-163.208,2.258,306.458
-0.390,1.490,2.449,281.494,172.363,60.059
-0.713,0.902,1.938,362.305,288.940,18.372
-1.379,0.388,0.473,355.591,356.811,36.926
-1.530,0.563,0.277,305.603,375.000,80.566
-1.593,0.927,0.190,232.605,384.521,149.231
-1.486,1.685,-0.224,207.092,388.123,150.024
-1.369,1.845,-0.469,174.377,380.920,127.136
-1.260,1.887,-0.760,109.863,335.937,55.664
-1.172,1.871,-1.162,87.646,295.471,19.409
-1.158,1.689,-2.479,63.843,235.901,-15.930
-1.279,1.453,-3.130,23.560,146.057,-47.607
-1.401,1.150,-3.104,-191.772,-154.907,-58.594
-1.553,0.928,-0.935,-360.046,-303.345,-26.123
-1.540,1.037,0.225,-495.544,-392.334,14.465
-1.356,1.094,1.176,-559.814,-428.528,45.471
-0.999,1.050,2.173,-527.832,-407.227,32.593
-0.240,1.257,4.000,-390.137,-321.106,0.671
-0.259,1.137,4.000,-129.883,-136.414,-59.814
-0.748,0.768,3.219,249.512,343.262,-157.166
-1.759,0.417,0.588,249.268,482.422,-156.128
-1.887,0.344,-0.211,182.617,527.100,-139.709
-1.844,0.257,-0.629,26.917,461.975,-76.355
-1.738,0.244,-0.838,-17.578,415.344,-34.729
-1.482,0.368,-1.607,-42.603,374.512,-0.488
-1.310,0.339,-2.020,-54.871,319.824,23.865
-1.122,0.323,-2.165,-65.796,167.419,77.637
-0.927,0.553,-2.401,-61.401,106.934,108.887
-1.070,0.667,-2.855,-38.574,55.847,135.193
-1.341,0.846,-3.201,-91.980,-138.123,182.312
-1.673,1.118,-2.918,-236.511,-293.762,201.843
-2.110,1.507,-0.796,-386.108,-427.124,220.947
-2.030,1.817,0.054,-477.844,-496.460,242.493
-1.812,2.170,0.507,-437.683,-487.244,215.881
-1.207,2.388,1.154,-365.417,-466.431,144.348
-0.814,2.222,1.873,-312.256,-442.688,50.171
-0.418,1.953,2.729,-202.759,-261.719,-137.207
-0.227,1.621,3.226,-80.261,-71.106,-214.111
-0.746,0.943,2.016,66.956,137.634,-273.804
-1.197,0.706,0.965,185.181,302.490,-312.012
-1.567,0.525,0.203,237.061,439.880,-328.918
-1.881,0.127,-0.757,202.698,450.134,-315.186
-1.823,-0.048,-1.148,164.917,425.720,-286.621
-1.729,-0.175,-1.280,126.160,290.466,-186.768
-1.594,-0.235,-1.281,151.733,250.671,-118.408
-1.290,-0.171,-2.211,202.576,243.958,-44.434
-1.226,-0.074,-3.174,231.812,234.802,30.640
-1.187,0.158,-3.744,-25.940,42.664,176.819
-1.253,1.220,-2.395,-245.728,-106.812,233.643
-1.299,1.742,-1.409,-393.677,-216.125,257.507
-1.302,2.054,-0.823,-380.493,-295.105,195.068
-1.234,2.184,-0.478,-313.293,-316.650,127.258
-0.892,2.014,0.446,-265.625,-327.026,47.913
-0.702,1.742,0.836,-231.628,-304.810,-31.921
-0.588,1.450,0.947,-132.263,-163.086,-155.273
-0.582,1.022,0.400,-61.951,-84.595,-198.669
-0.638,0.879,0.124,7.019,-31.067,-235.474
-0.641,0.747,0.095,131.470,21.301,-291.382
-0.635,0.618,0.148,177.307,53.955,-301.270
-0.718,0.538,-0.170,207.764,91.736,-298.889
-0.755,0.498,-0.494,216.248,122.009,-290.955
-0.781,0.417,-0.856,161.133,134.827,-263.184
-0.758,0.211,-1.678,130.920,115.784,-239.929
-0.694,0.134,-1.815,98.450,71.533,-210.327
-0.602,0.069,-1.598,-65.857,-56.152,-138.245
-0.494,0.041,-1.139,-168.579,-94.238,-96.558
-0.343,0.168,-0.311,-236.999,-98.328,-55.908
-0.319,0.254,-0.143,-257.935,-77.087,-21.545
-0.294,0.325,-0.105,-217.590,-23.926,23.560
-0.207,0.435,-0.132,-178.650,-11.292,36.682
-0.186,0.491,-0.104,-128.479,-6.470,45.471
-0.167,0.572,-0.067,-18.921,-0.549,50.537
-0.156,0.679,-0.054,40.039,3.296,43.396
-0.218,0.819,-0.161,93.750,8.118,29.236
-0.231,0.810,-0.304,130.371,12.939,12.085
-0.228,0.777,-0.461,141.846,13.672,-5.859
-0.240,0.775,-0.644,119.568,9.277,-2.197
-0.250,0.794,-0.670,85.571,4.150,5.310
-0.254,0.814,-0.678,21.484,-5.127,19.714
-0.254,0.847,-0.666,-2.075,-9.705,23.193
-0.245,0.876,-0.539,-20.630,-13.306,23.071
-0.228,0.870,-0.469,-30.334,-13.611,21.973
-0.216,0.892,-0.437,-22.461,-4.456,21.606
-0.230,0.960,-0.464,-13.916,-0.305,17.212
-0.245,0.928,-0.479,-7.812,0.977,8.606
-0.260,0.862,-0.485,4.761,1.160,-4.700
-0.275,0.826,-0.514,17.639,3.052,-5.310
-0.287,0.861,-0.616,31.006,2.808,-5.615
-0.278,0.846,-0.587,34.180,-1.526,-7.568
-0.270,0.810,-0.521,18.799,-5.249,-8.606
-0.265,0.791,-0.519,15.198,0.061,-5.127
-0.264,0.817,-0.577,11.963,4.761,-0.916
-0.266,0.833,-0.597,-8.728,0.854,1.221
-0.270,0.818,-0.565,-15.808,-1.831,0.549
-0.271,0.802,-0.535,-11.169,-1.770,1.160
-0.271,0.809,-0.546,-0.427,-1.404,1.892
-0.271,0.803,-0.535,5.554,-5.127,0.305
-0.262,0.781,-0.487,4.028,-5.432,-0.183
-0.258,0.783,-0.493,4.089,-3.357,0.366
-0.259,0.787,-0.505,3.723,0.671,1.038
-0.262,0.779,-0.508,0.610,1.282,0.854
-0.266,0.769,-0.523,-0.183,1.709,1.831
-0.260,0.788,-0.530,0.488,1.526,3.479
-0.258,0.801,-0.510,-3.113,-0.854,2.686
-0.273,0.759,-0.458,-2.319,0.000,1.404
-0.276,0.759,-0.462,1.221,2.014,2.380
-0.273,0.788,-0.466,3.052,3.967,5.615
-0.268,0.815,-0.464,3.479,5.310,4.456
-0.284,0.811,-0.517,7.385,7.446,2.930
-0.294,0.814,-0.592,13.855,8.179,2.686
-0.292,0.829,-0.626,5.493,-4.944,4.395
-0.271,0.830,-0.471,-6.348,-11.658,3.845
-0.269,0.799,-0.424,-12.146,-10.742,2.747
-0.273,0.765,-0.439,-12.207,0.427,3.052
-0.278,0.740,-0.463,-17.151,2.747,5.066
-0.284,0.710,-0.475,-23.315,4.211,7.874
-0.279,0.723,-0.488,-25.635,6.165,11.597
-0.272,0.765,-0.500,-14.832,7.935,16.479
-0.276,0.821,-0.493,-7.690,7.019,14.587
-0.289,0.820,-0.493,1.526,6.470,10.864
-0.295,0.813,-0.515,27.283,5.737,4.639
-0.289,0.815,-0.535,32.654,3.357,2.991
-0.275,0.831,-0.495,26.733,1.160,1.648
-0.278,0.833,-0.488,16.968,1.465,0.183
-0.283,0.823,-0.502,5.127,5.493,-2.014
-0.302,0.787,-0.534,2.136,5.798,-1.648
-0.304,0.771,-0.538,-1.099,4.578,-0.488
-0.299,0.760,-0.522,-8.484,0.305,4.150
-0.295,0.764,-0.491,-10.620,0.732,6.348
-0.303,0.785,-0.483,-11.108,3.479,7.324
-0.307,0.796,-0.520,-9.033,6.470,7.690
-0.303,0.816,-0.551,-5.127,5.310,8.179
-0.299,0.844,-0.524,-7.080,2.380,6.531
-0.302,0.833,-0.510,-6.958,1.160,3.174
-0.311,0.801,-0.518,1.282,2.258,-2.869
-0.312,0.751,-0.509,0.488,1.526,-2.502
-0.305,0.763,-0.490,-2.136,1.099,-0.305
-0.301,0.781,-0.490,-1.343,2.136,1.587
-0.301,0.788,-0.505,4.639,2.686,0.671
-0.302,0.750,-0.489,2.686,1.343,-0.916
-0.308,0.727,-0.480,-0.305,1.404,-1.099
-0.317,0.726,-0.505,4.883,6.104,3.357
-0.325,0.748,-0.552,5.493,5.005,5.188
-0.324,0.750,-0.506,1.160,1.404,6.348
-0.322,0.762,-0.453,-0.854,1.099,8.911
-0.320,0.810,-0.449,8.179,4.822,8.484
-0.312,0.966,-0.599,22.278,6.836,4.211
-0.321,1.043,-0.765,42.236,6.348,-4.883
-0.372,1.094,-1.084,115.967,0.183,-38.208
-0.599,0.777,-2.314,151.489,-13.794,-55.725
-0.721,0.507,-2.839,145.996,-46.631,-55.054
-0.772,0.389,-2.638,-164.795,-193.604,32.349
-0.735,0.513,-1.689,-352.722,-247.620,88.318
-0.623,1.050,-0.251,-402.466,-251.160,116.089
-0.673,1.063,-0.150,-339.905,-237.854,107.056
-0.715,0.838,0.096,-224.976,-259.216,54.932
-0.464,0.311,1.320,-199.219,-253.479,59.753
-0.245,0.529,1.969,-150.146,-211.670,93.079
-0.094,1.125,2.388,116.272,-32.898,135.010
-0.053,1.706,2.317,285.095,79.285,99.609
-0.192,1.763,1.300,386.658,170.776,44.739
-0.358,1.464,0.833,415.283,233.276,0.061
-0.530,1.198,0.501,374.878,300.964,-19.043
-0.883,0.954,-0.131,345.337,324.951,-6.470
-0.998,0.905,-0.793,319.092,346.130,10.071
-0.969,0.875,-1.743,263.367,316.528,53.894
-0.851,0.774,-2.855,186.279,245.056,81.299
-0.929,0.180,-4.000,38.818,139.465,121.277
-1.219,0.230,-4.000,-162.537,3.418,185.852
-1.502,0.903,-3.604,-478.027,-289.551,330.994
-1.592,2.722,-1.282,-516.541,-390.808,333.984
-1.406,2.931,-0.213,-486.633,-450.500,267.151
-1.119,2.542,0.848,-264.099,-473.267,49.561
-0.773,1.839,2.139,-110.840,-404.785,-28.137
-0.380,0.471,4.000,72.327,-248.352,-69.824
-0.556,0.095,3.747,268.555,-13.123,-78.918
-0.924,-0.068,2.387,484.131,413.147,-8.972
-1.490,0.391,-0.283,480.957,478.760,53.162
-1.509,0.671,-0.567,425.781,458.984,97.839
-1.464,0.656,-0.513,263.123,392.273,115.906
-1.432,0.456,-0.671,196.289,389.343,131.531
-1.314,0.408,-2.195,151.367,373.352,160.522
-1.213,0.606,-2.983,122.803,311.340,187.927
-1.133,0.766,-3.309,37.842,59.143,202.759
-1.131,1.053,-2.729,-20.508,-65.735,202.942
-1.180,1.352,-2.287,-69.702,-157.104,203.979
-1.272,1.670,-1.969,-103.943,-273.315,165.588
-1.382,1.857,-1.808,-90.576,-326.904,115.540
-1.536,1.715,-1.255,-78.552,-384.888,57.983
-1.554,1.541,-0.663,-84.106,-434.265,6.714
-1.546,1.352,0.021,-117.249,-445.068,-61.035
-1.353,0.829,1.807,-116.577,-403.564,-79.285
-1.025,0.402,3.109,-89.783,-332.275,-84.961
-0.685,0.064,4.000,142.456,11.292,-48.462
-0.620,0.026,4.000,309.265,252.258,-31.738
-1.477,0.197,1.718,432.129,443.665,-29.785
-1.949,0.226,0.752,468.323,546.082,-26.001
-2.267,0.337,0.066,350.403,590.881,23.926
-2.149,0.790,-2.489,319.702,572.571,57.251
-1.722,1.061,-3.839,320.557,484.558,83.984
-1.287,1.110,-4.000,160.400,43.884,88.623
-1.015,0.948,-3.351,32.471,-162.537,100.891
-0.927,1.386,-0.699,-40.466,-258.118,130.005
-0.902,1.852,0.175,-59.448,-268.616,138.489
-0.807,2.064,0.880,-42.175,-224.243,26.245
-0.672,1.693,1.532,-0.549,-177.673,-59.143
-0.751,1.272,1.147,49.194,-113.159,-135.071
-0.963,0.781,0.226,91.980,-20.142,-210.388
-1.262,0.281,-1.104,87.646,-38.513,-192.749
-1.905,-0.221,-2.890,42.480,-131.836,-132.935
-2.071,0.045,-2.135,-75.195,-293.213,-42.053
-2.044,0.646,-0.588,-321.777,-534.912,131.592
-1.555,1.786,1.176,-317.322,-517.456,156.555
-1.262,1.995,1.162,-240.479,-461.182,127.869
-0.987,1.973,1.249,-44.678,-388.672,-25.208
-0.713,1.760,1.638,23.254,-329.163,-104.187
-0.352,1.237,1.929,79.529,-218.994,-159.851
-0.393,1.103,1.299,139.404,-82.153,-190.247
-0.528,1.007,0.402,246.033,90.027,-219.788
-0.749,0.454,-0.985,255.188,92.834,-231.812
-0.745,0.047,-1.299,226.257,61.340,-227.295
-0.664,-0.201,-1.265,90.088,-29.541,-134.399
-0.561,-0.210,-0.933,15.259,-55.664,-72.021
-0.396,0.128,-0.317,-36.865,-61.829,-20.996
-0.323,0.382,-0.168,-58.105,-59.631,15.076
-0.250,0.644,-0.033,-31.372,-47.852,38.452
-0.196,0.871,0.082,-4.395,-32.043,30.457
-0.224,0.888,-0.003,18.433,-11.841,20.447
-0.263,0.914,-0.135,38.940,18.433,8.118
-0.299,0.937,-0.245,41.016,23.804,1.587
-0.367,0.839,-0.361,42.053,25.024,-5.249
-0.394,0.793,-0.480,41.626,24.658,-8.301
-0.401,0.792,-0.593,16.418,10.071,-3.113
-0.374,0.812,-0.525,-4.822,-2.136,0.244
-0.365,0.824,-0.447,-19.043,-10.254,3.052
-0.351,0.831,-0.365,-19.226,-14.648,3.723
-0.332,0.830,-0.269,-13.184,-10.620,2.686
-0.319,0.846,-0.188,-6.104,-1.831,1.282
-0.333,0.835,-0.233,1.831,8.545,-1.038
-0.351,0.816,-0.311,19.775,20.874,-4.578
-0.379,0.799,-0.403,26.062,20.996,-4.883
-0.391,0.785,-0.450,26.794,20.264,-4.517
-0.407,0.785,-0.531,11.230,13.611,1.099
-0.414,0.804,-0.577,-1.465,3.784,4.700
-0.382,0.837,-0.407,-12.512,-5.066,7.385
-0.361,0.875,-0.321,-18.250,-8.179,9.216
-0.349,0.921,-0.281,-13.550,-2.625,4.700
-0.364,0.877,-0.256,-6.836,1.831,-2.014
-0.389,0.798,-0.283,-0.183,7.141,-7.263
-0.413,0.750,-0.350,7.568,15.747,-4.089
-0.426,0.746,-0.409,6.958,15.076,0.244
-0.417,0.796,-0.455,4.578,12.695,3.296
-0.412,0.814,-0.466,0.732,9.827,4.639
-0.411,0.815,-0.469,-7.751,3.052,4.211
-0.409,0.750,-0.390,-9.460,-0.610,4.272
-0.408,0.714,-0.331,-8.850,-2.075,6.104
-0.414,0.694,-0.332,-1.099,4.089,15.015
-0.422,0.703,-0.383,4.211,5.188,20.020
-0.432,0.748,-0.403,7.935,3.662,23.193
-0.438,0.740,-0.377,9.521,2.441,24.963
-0.448,0.726,-0.352,9.644,3.967,29.785
-0.465,0.711,-0.293,10.986,6.042,32.715
-0.470,0.708,-0.278,15.015,9.338,35.583
-0.475,0.707,-0.276,26.367,17.029,40.649
-0.475,0.725,-0.272,30.640,20.386,43.091
-0.473,0.821,-0.243,32.898,24.658,44.434
-0.483,0.850,-0.245,33.813,30.090,43.701
-0.500,0.857,-0.246,36.926,38.635,38.879
-0.536,0.823,-0.213,40.222,41.931,37.109
-0.555,0.794,-0.170,42.053,46.082,36.682
-0.583,0.762,-0.121,36.011,61.951,40.161
-0.611,0.741,-0.042,30.823,73.486,43.396
-0.705,0.769,0.179,29.724,90.515,46.082
-0.770,0.855,0.101,41.870,115.234,48.462
-0.812,1.057,-0.127,102.600,152.466,47.791
-0.789,1.629,-0.540,123.108,150.391,35.461
-0.756,1.883,-0.830,126.465,143.005,15.015
-0.773,2.119,-1.485,108.032,113.037,-40.283
-0.868,2.308,-2.418,73.730,41.260,-84.290
-1.151,2.051,-2.863,0.366,-88.562,-139.404
-1.227,1.655,-1.815,-101.135,-236.145,-186.157
-1.217,1.381,-0.604,-249.695,-374.756,-203.064
-0.993,1.306,0.881,-262.024,-367.493,-197.083
-0.777,1.340,1.643,-237.976,-347.839,-203.552
-0.524,1.303,2.494,-72.998,-225.769,-265.503
-0.331,1.115,3.087,45.105,-94.788,-299.683
-0.450,0.616,2.295,160.828,56.946,-312.927
-0.620,0.468,1.393,254.822,180.847,-302.673
-0.708,0.345,0.870,338.379,271.973,-240.784
-0.639,0.431,0.807,337.707,292.603,-192.810
-0.579,0.779,0.744,320.190,324.463,-140.564
-0.553,1.206,0.582,257.568,386.291,-83.557
-0.511,1.576,0.420,234.985,402.710,-90.332
-0.458,2.068,-0.303,223.206,416.565,-113.525
-0.490,2.024,-1.105,209.595,421.387,-151.917
-0.512,1.737,-1.897,160.400,316.895,-246.216
-0.399,0.662,-2.221,110.779,206.421,-276.794
-0.267,0.069,-1.693,31.738,91.553,-279.419
-0.152,-0.305,-1.030,-137.024,-46.936,-185.974
-0.047,-0.473,-0.494,-171.814,-64.392,-116.638
0.058,-0.654,0.318,-167.603,-68.237,-47.363
0.088,-0.701,0.831,-146.423,-61.768,21.790
0.083,-0.505,1.219,-88.379,16.785,168.396
0.249,1.296,1.497,-22.827,75.256,224.365
0.426,2.710,1.354,65.857,140.015,239.319
0.420,3.641,0.511,144.287,265.686,64.331
0.221,3.528,-0.819,97.534,241.089,-80.383
-0.102,1.482,-1.847,39.001,147.400,-183.716
-0.047,0.661,-1.245,-10.315,37.903,-220.886
0.044,-0.084,-0.437,-35.950,-68.970,-178.467
0.136,-1.657,0.436,3.174,-54.749,-111.694
0.140,-1.743,0.350,23.499,-16.846,-5.920
0.086,-1.403,0.083,-104.736,43.945,203.552
0.020,-0.856,-0.073,-189.636,45.227,276.062
0.165,1.311,0.534,-230.286,46.753,321.350
0.232,2.475,0.659,-220.886,72.571,313.782
0.166,2.998,0.357,-109.070,148.071,124.573
-0.017,2.172,-0.385,-58.472,148.804,15.320
-0.012,1.553,-0.481,-43.091,125.671,-53.589
-0.004,1.138,-0.452,-45.227,77.148,-76.660
-0.036,0.813,-0.382,-32.593,62.988,-66.956
-0.000,0.495,0.038,-47.485,43.762,-44.617
0.133,0.932,0.484,-104.492,24.353,-9.705
0.209,1.589,0.692,-155.945,79.956,4.272
-0.011,1.828,-0.362,-68.787,138.123,-44.067
-0.109,1.451,-0.956,39.673,159.668,-100.281
-0.139,1.048,-1.173,114.868,72.876,-166.138
-0.218,0.009,-0.874,88.196,18.799,-181.396
-0.301,-0.777,-0.602,51.697,-20.508,-183.411
-0.391,-1.440,-0.172,5.493,-50.232,-148.560
-0.490,-1.685,0.353,-80.261,-40.039,66.467
Collected 750/750 Samples.
Data dump complete. Waiting for next motion...
Motion detected, recording started...
aX, aY, aZ, gX, gY, gZ
Recording complete. Printing data...
aX,aY,aZ,gX,gY,gZ
-0.899,0.912,1.195,24.353,-9.094,-18.555
-0.864,1.143,1.162,-164.124,-20.813,1.099
-0.477,1.545,1.446,-438.415,-115.784,2.380
-0.289,2.341,2.761,-296.875,-164.917,-52.612
-0.591,2.459,3.117,-126.160,-136.169,-143.677
-0.857,2.378,2.950,35.400,140.808,-327.820
-1.190,1.790,1.699,51.147,257.812,-393.005
-1.332,1.371,1.225,35.156,308.228,-434.936
-1.380,0.957,0.948,74.707,329.895,-428.589
-1.314,0.613,0.759,116.333,352.722,-385.071
-1.066,0.367,0.276,106.140,379.333,-332.886
-0.988,0.432,-0.019,53.223,394.470,-290.466
-0.934,0.430,-0.293,2.075,374.512,-269.165
-0.777,0.151,-0.785,8.545,349.548,-270.569
-0.670,0.094,-1.039,6.897,317.749,-266.846
-0.514,0.049,-1.235,-39.490,218.079,-276.184
-0.330,-0.225,-1.272,-69.336,156.006,-271.851
0.049,-0.816,-0.999,-102.295,104.736,-230.713
0.208,-0.750,-0.907,-143.250,68.359,-162.109
0.338,-0.558,-0.828,-221.619,12.268,-45.959
0.514,-0.231,-0.554,-255.249,-12.024,-13.184
0.560,-0.092,-0.420,-279.785,-29.785,11.353
0.596,0.046,-0.332,-292.053,-43.213,43.030
0.627,0.200,-0.257,-288.513,-40.710,48.523
0.626,0.496,-0.177,-279.541,-28.320,47.363
0.589,0.531,-0.358,-249.145,-9.277,42.419
0.581,0.519,-0.586,-113.770,-17.151,34.546
0.634,0.584,-0.508,-76.294,-49.927,29.602
0.666,0.614,-0.282,-73.242,-78.186,21.912
0.682,0.632,-0.111,-129.700,-80.688,19.226
0.687,0.679,-0.077,-146.790,-70.374,26.001
0.646,0.812,-0.056,-159.424,-60.913,32.654
0.567,0.841,-0.113,-193.604,-44.006,39.612
0.508,0.870,-0.330,-228.760,-14.893,52.368
0.539,0.952,-0.696,-197.083,-45.471,44.556
0.613,0.987,-0.483,-169.250,-109.436,23.437
0.693,1.033,-0.038,-201.233,-201.599,-30.090
0.763,1.069,0.337,-208.557,-185.364,-55.542
0.906,0.956,0.364,-175.598,-148.132,-84.412
0.928,0.820,0.138,-129.761,-115.051,-116.577
0.874,0.689,0.053,-76.111,-124.817,-181.091
0.875,0.036,0.442,-26.855,-155.518,-215.271
0.891,-0.387,0.794,37.598,-182.556,-234.009
0.886,-0.706,1.205,43.518,-182.617,-195.557
0.875,-0.877,1.562,6.042,-143.127,-154.358
0.791,-1.075,1.657,-24.475,-86.304,-116.516
0.683,-1.239,1.438,-49.438,-31.921,-82.825
0.567,-1.398,1.227,-22.766,16.479,3.479
0.459,-1.532,1.272,36.743,18.127,62.988
0.353,-1.473,1.449,81.970,31.738,135.376
0.148,-1.300,1.552,52.002,150.452,313.110
-0.107,-1.016,1.550,-3.601,244.324,401.733
-0.820,-0.170,1.231,-49.500,342.529,481.384
-1.188,0.427,0.942,-57.495,431.824,549.683
-1.470,1.130,0.578,10.071,559.448,623.291
-2.380,2.260,-0.302,91.675,601.990,611.145
-2.616,2.618,-0.840,216.675,634.399,575.623
-2.609,2.898,-1.525,255.798,618.103,462.463
-2.415,3.096,-2.289,198.425,535.095,386.414
-1.716,3.255,-3.257,144.287,389.770,301.147
-1.388,3.145,-3.068,85.571,195.923,203.796
-1.179,2.764,-2.359,14.587,-160.034,-7.568
-0.930,1.627,-0.755,26.550,-232.971,-77.026
-0.761,1.303,-0.491,44.128,-234.070,-102.905
-0.585,1.269,-0.509,8.606,-176.697,-88.989
-0.435,1.414,-0.637,-4.578,-171.936,-99.060
-0.290,1.370,-0.664,21.240,-190.063,-135.498
-0.271,1.023,-0.477,71.716,-219.727,-185.974
-0.235,0.564,-0.249,129.517,-276.917,-266.052
0.061,-0.450,0.248,102.600,-306.946,-275.330
0.282,-0.821,0.656,20.935,-343.994,-252.991
0.424,-0.999,1.254,-154.968,-381.409,-108.215
0.386,-1.012,1.932,-190.247,-322.632,-0.183
0.099,-0.522,2.587,-244.202,-191.833,113.647
-0.063,-0.010,2.227,-339.050,-6.775,213.806
-0.215,0.480,1.559,-269.165,358.154,307.739
-0.797,1.241,-0.079,-137.878,476.929,322.754
-1.057,1.718,-0.906,-27.039,538.086,329.651
-1.094,2.182,-1.488,128.418,465.698,259.705
-0.944,2.436,-1.886,116.089,374.268,173.279
-0.804,1.947,-2.595,56.641,265.686,83.801
-0.886,1.692,-2.498,-23.071,131.104,27.710
-0.912,1.729,-1.990,-97.473,-123.413,-13.794
-0.686,1.619,-0.946,-77.271,-181.274,-52.063
-0.536,1.314,-0.850,-54.199,-197.205,-92.590
-0.408,1.086,-0.895,-27.710,-227.112,-116.943
-0.290,1.031,-0.793,0.000,-269.409,-122.925
-0.028,0.755,-0.002,16.174,-315.063,-145.691
0.116,0.335,0.495,-4.272,-350.647,-173.767
0.268,-0.099,1.030,-148.071,-373.840,-159.180
0.436,-0.361,2.271,-218.811,-337.891,-100.281
0.366,-0.189,2.690,-234.680,-236.999,-26.062
0.206,0.114,2.663,-116.333,152.161,101.685
-0.082,0.588,2.086,-60.120,367.981,142.090
-1.055,1.565,-0.277,-23.865,543.701,152.039
-1.578,1.740,-1.702,33.142,655.762,133.301
-1.852,1.810,-3.045,148.560,611.206,89.600
-1.434,2.299,-4.000,112.793,426.025,73.364
-1.138,2.474,-3.834,30.273,162.048,31.494
-1.039,2.294,-2.878,-108.765,-318.848,-128.174
-1.032,1.861,-1.706,-109.985,-426.025,-193.115
-0.742,1.015,-0.085,-75.684,-442.810,-229.614
-0.507,0.762,0.183,-35.156,-402.222,-243.347
-0.270,0.564,0.214,63.110,-294.067,-246.765
0.025,0.073,0.215,101.807,-272.034,-241.333
0.092,-0.137,0.396,114.136,-271.179,-225.647
0.153,-0.281,0.720,20.996,-277.405,-170.593
0.255,-0.380,1.123,-60.303,-260.315,-136.536
0.500,-0.468,1.861,-127.563,-218.384,-96.741
0.420,-0.531,2.007,-161.377,-145.386,-52.490
0.226,-0.612,1.946,-78.369,70.496,52.673
-0.213,-0.345,1.424,-6.714,182.495,121.155
-0.389,0.192,0.998,15.015,284.363,198.853
-0.602,0.977,0.368,11.230,454.163,302.490
-0.840,1.757,-0.409,89.539,507.874,285.461
-1.021,2.628,-2.010,171.265,527.466,230.347
-0.981,2.756,-2.662,196.655,504.211,152.039
-0.845,2.659,-3.064,149.841,298.340,-34.363
-0.576,1.700,-2.818,77.393,117.920,-107.849
-0.590,1.133,-2.072,-48.218,-75.623,-141.663
-0.589,0.837,-1.201,-223.267,-286.560,-98.572
-0.426,0.854,-0.565,-202.515,-275.513,-69.275
0.009,1.176,-0.197,-142.944,-222.839,-61.035
0.049,1.168,-0.336,-72.571,-161.682,-74.951
0.046,0.972,-0.506,0.854,-120.605,-123.291
-0.015,0.307,-0.359,-16.785,-149.475,-128.540
-0.023,0.092,-0.043,-33.508,-184.509,-114.258
0.165,0.015,0.286,-32.166,-210.754,-51.086
0.359,0.045,0.644,-26.611,-201.111,-13.977
0.481,0.197,1.473,0.793,-163.513,19.775
0.332,0.250,1.648,8.118,-89.905,49.805
0.139,0.277,1.603,-14.160,112.244,103.455
-0.237,0.396,1.146,-12.268,212.952,134.277
-0.544,0.560,0.822,-2.625,309.814,171.448
-0.874,0.817,0.361,89.172,500.915,236.633
-0.964,0.991,-0.847,328.918,571.594,254.028
-1.136,1.958,-3.401,427.856,511.353,277.039
-1.014,2.651,-3.244,200.562,308.960,263.855
-0.837,2.778,-2.534,-180.603,-98.328,43.274
-0.719,1.690,-1.062,-128.601,-176.575,-64.941
-0.717,1.224,-0.885,-33.508,-181.946,-118.164
-0.735,1.019,-1.020,22.522,-165.527,-114.685
-0.734,0.922,-1.186,18.982,-197.754,-105.408
-0.642,0.768,-1.037,6.287,-246.704,-99.487
-0.608,0.691,-0.895,-36.926,-290.894,-94.360
-0.549,0.601,-0.763,-134.399,-338.440,-74.097
-0.430,0.468,-0.302,-146.790,-339.294,-54.626
-0.386,0.374,-0.088,-146.057,-322.082,-26.855
-0.339,0.313,0.095,-135.376,-278.503,63.843
-0.294,0.379,0.380,-76.721,-271.118,110.535
0.019,1.013,1.780,54.443,-250.183,128.235
0.120,1.091,2.006,104.431,-181.335,100.220
0.180,0.762,1.727,73.669,21.851,16.235
0.100,0.072,0.980,142.090,92.346,30.212
-0.012,0.198,0.757,182.800,139.099,75.806
-0.127,0.480,0.509,105.469,198.303,143.799
-0.243,0.732,0.260,68.604,212.769,145.813
-0.431,1.030,-0.110,56.580,222.595,138.977
-0.518,1.235,-0.374,52.368,233.215,129.578
-0.581,1.527,-0.758,99.976,247.375,87.646
-0.710,2.185,-1.886,160.339,231.873,51.147
-0.751,2.530,-2.401,219.727,181.091,4.822
-0.758,2.747,-2.510,177.429,-49.011,-147.522
-0.813,2.623,-2.185,64.148,-173.279,-242.432
-1.037,1.382,-1.366,-53.162,-265.015,-314.636
-1.046,0.789,-1.132,-180.664,-333.557,-340.881
-0.968,0.493,-0.859,-416.077,-461.182,-273.010
-0.576,0.442,0.139,-416.626,-496.277,-220.703
-0.248,0.422,0.538,-320.251,-484.192,-178.101
0.129,0.428,0.732,-60.486,-363.037,-116.821
0.454,0.536,0.803,-22.278,-298.706,-100.342
0.773,0.734,0.714,-93.811,-247.070,-99.365
0.779,0.709,0.604,-229.919,-210.571,-104.614
0.738,0.644,0.546,-285.217,-150.391,-80.872
0.642,0.684,0.113,-166.748,-97.778,-51.697
0.589,0.787,-0.448,-66.528,-42.847,-27.527
0.531,0.852,-0.925,11.902,-36.194,-8.911
0.493,0.836,-1.017,40.344,-80.505,-5.188
0.495,0.586,-0.263,48.157,-117.432,1.282
0.525,0.387,0.106,22.827,-129.150,11.047
0.503,0.177,0.279,-41.199,-98.328,55.298
0.440,0.028,1.042,52.795,-87.463,93.445
0.385,0.081,1.919,215.088,-64.697,134.338
0.299,0.399,2.276,67.505,164.978,214.416
0.218,2.006,0.631,-99.060,309.143,218.262
0.181,2.633,-0.953,-201.355,405.884,163.696
0.118,2.528,-2.605,-251.892,432.739,49.194
0.069,1.781,-3.399,41.748,189.087,-181.885
0.110,0.277,-2.172,200.256,18.616,-200.012
0.163,0.064,-1.726,140.503,-87.524,-153.381
0.200,0.182,-1.624,-32.471,-186.645,-26.367
0.237,0.798,-0.864,14.954,-239.868,0.793
0.261,0.837,-0.388,47.791,-275.879,-4.700
0.292,0.614,-0.253,-57.251,-263.550,-28.748
0.291,0.350,-0.333,-83.313,-262.939,-8.972
0.224,0.376,-0.261,-82.520,-283.569,29.785
0.198,0.629,-0.029,-74.829,-312.317,70.251
0.169,0.854,0.256,-132.812,-342.224,105.652
0.150,0.972,0.757,-171.020,-327.148,105.041
0.193,0.939,0.862,-194.885,-291.626,104.553
0.272,0.984,0.934,-196.716,-194.824,116.028
0.324,1.164,1.096,-123.596,-136.902,110.107
0.193,1.734,1.817,-35.522,-62.256,82.458
0.055,1.810,1.889,-10.498,43.274,27.222
-0.069,1.542,1.404,-84.351,304.016,-129.639
-0.078,0.867,-0.072,-37.292,382.812,-173.096
0.075,0.886,-0.949,30.823,414.856,-178.162
0.274,0.913,-2.033,94.482,362.793,-176.453
0.469,0.645,-3.111,51.697,257.446,-186.035
0.589,-0.768,-3.861,-25.269,92.285,-167.480
0.438,-1.206,-3.066,-110.107,-104.370,-88.806
0.250,-0.934,-1.930,-309.631,-359.924,184.265
0.036,0.590,-0.507,-353.394,-371.948,269.714
0.091,1.042,-0.203,-308.350,-344.238,285.217
0.185,1.189,-0.013,-118.896,-259.888,203.735
0.235,1.163,0.098,-67.871,-220.520,162.048
0.203,1.092,0.259,-48.401,-189.514,137.939
0.205,1.206,0.398,-37.048,-163.940,126.587
0.191,1.337,0.552,2.747,-101.257,101.013
0.244,1.657,0.723,0.000,-61.829,81.909
0.227,1.888,0.771,-14.038,-20.996,53.955
0.100,2.195,0.941,22.888,72.815,-53.284
-0.085,2.496,1.232,25.574,153.931,-150.879
-0.465,1.789,1.026,2.625,268.616,-274.048
-0.589,0.907,0.342,10.986,385.742,-376.099
-0.565,0.302,-0.495,144.409,504.456,-377.136
0.028,0.261,-2.443,202.881,493.408,-318.909
0.395,0.198,-3.360,261.169,436.645,-274.658
0.639,-0.224,-3.968,237.854,182.251,-219.177
0.685,-0.918,-4.000,90.393,-11.597,-149.963
0.228,-1.547,-2.509,-62.378,-208.130,-25.635
-0.016,-0.940,-1.281,-155.457,-345.764,127.808
-0.125,-0.077,-0.444,-202.515,-373.962,314.758
0.020,1.027,0.156,-177.673,-324.829,311.584
0.122,1.201,0.220,-134.338,-270.386,271.790
0.176,1.296,0.250,-45.715,-181.641,171.204
0.191,1.376,0.301,-12.085,-149.231,125.549
0.216,1.486,0.474,7.568,-121.155,86.548
0.238,1.551,0.566,8.423,-94.727,55.237
0.274,1.596,0.677,-19.897,-38.147,0.427
0.237,1.656,1.076,-12.451,-1.526,-25.940
0.110,1.797,1.394,15.686,44.617,-54.199
-0.102,1.968,1.718,52.429,213.806,-154.602
-0.382,1.973,1.794,32.043,353.088,-240.173
-0.962,0.977,0.614,28.809,494.202,-323.730
-1.122,0.432,-0.245,69.946,593.262,-367.798
-1.095,0.203,-1.026,118.347,615.234,-310.181
-0.628,0.325,-2.151,97.534,561.157,-265.381
-0.313,0.269,-2.416,100.281,488.525,-242.126
-0.027,0.091,-2.510,116.577,334.534,-205.933
0.186,-0.102,-2.472,85.632,256.714,-168.701
0.374,-0.221,-2.125,42.053,182.678,-122.192
0.449,-0.105,-2.007,-7.812,120.056,-75.928
0.495,0.022,-2.057,-85.571,29.724,-15.686
0.273,-0.168,-2.212,-64.392,-22.949,-2.808
0.174,-0.348,-1.961,-20.386,-91.064,15.503
0.114,-0.355,-1.505,-4.639,-210.144,98.572
0.056,-0.222,-0.948,-8.362,-230.530,139.587
-0.031,0.207,0.225,0.427,-216.492,169.617
-0.014,0.619,0.713,13.733,-166.931,188.232
0.010,1.076,1.045,-31.860,21.545,159.973
0.062,1.345,0.778,-80.383,136.597,104.309
-0.021,0.933,0.343,-95.703,234.375,36.438
-0.187,0.330,0.067,57.434,346.863,-23.010
-0.347,-0.148,-0.041,119.690,390.259,21.912
-0.598,0.080,-0.664,89.844,435.486,97.107
-0.669,0.605,-1.323,15.808,465.332,161.011
-0.566,1.204,-2.131,-161.926,402.893,179.749
-0.424,2.159,-3.574,-375.732,271.057,119.385
-0.736,1.239,-2.397,-221.741,55.969,7.690
-0.750,0.403,-0.848,552.124,-79.285,-113.098
-0.514,0.195,-0.441,459.900,3.479,-98.389
-0.291,0.249,-1.577,257.507,41.382,-74.524
-0.431,0.165,-1.766,138.123,12.268,-51.331
-0.486,0.257,-1.695,31.311,-88.318,14.343
-0.445,0.887,-1.898,-12.329,-122.314,27.710
-0.470,0.975,-2.018,-42.969,-167.603,11.597
-0.515,1.048,-1.990,-105.896,-298.584,-30.945
-0.570,1.250,-1.923,-101.379,-365.845,-50.110
-0.812,1.295,-1.392,-46.021,-432.678,-87.402
-0.878,0.762,-0.869,34.485,-489.197,-136.230
-0.818,0.135,-0.406,85.205,-526.672,-141.479
-0.467,-0.076,-0.114,26.184,-514.038,-77.148
-0.323,0.252,-0.171,-15.320,-495.239,-8.484
-0.233,0.423,-0.228,61.157,-461.426,28.992
-0.165,0.347,-0.278,80.933,-450.073,28.931
-0.139,0.149,-0.415,50.049,-446.289,45.898
-0.215,0.164,-0.381,-1.160,-452.576,77.271
-0.285,0.247,-0.134,-4.883,-472.168,148.560
-0.195,0.738,0.658,21.118,-455.688,173.157
-0.077,1.042,0.863,21.362,-410.767,177.002
0.055,1.251,0.790,-49.866,-279.419,125.610
0.138,1.363,0.480,-62.439,-234.436,91.919
0.091,1.327,0.197,-19.165,-220.764,56.763
0.156,1.106,0.422,48.462,-225.342,20.752
0.269,0.859,0.627,18.066,-208.679,-1.404
0.329,0.770,0.477,-43.762,-183.289,18.127
0.309,0.798,0.286,-58.533,-163.818,36.621
0.292,0.777,0.194,-16.235,-163.452,54.626
0.272,0.747,0.246,-4.761,-168.518,65.796
0.196,0.894,0.522,-6.714,-166.565,77.942
0.157,1.041,0.674,-15.503,-156.738,83.313
0.166,1.167,0.796,-43.701,-114.075,60.303
0.193,1.284,0.784,-56.641,-82.642,40.222
0.165,1.308,0.654,-48.218,-51.331,20.142
0.132,1.254,0.587,-13.489,-22.461,-18.250
0.099,1.122,0.649,-19.165,-15.869,-27.832
0.043,1.022,0.925,-23.987,-0.793,-28.076
0.019,1.099,1.027,-16.418,24.536,-26.489
0.001,1.143,1.095,22.278,92.102,-42.480
-0.008,1.068,1.174,35.217,129.089,-53.894
-0.019,1.054,1.175,29.236,167.236,-60.608
-0.037,1.102,1.173,-25.391,241.821,-67.627
-0.066,1.219,1.196,-45.227,284.058,-77.637
-0.232,1.479,1.015,-38.025,337.341,-100.586
-0.330,1.446,0.701,-10.254,396.179,-136.047
-0.418,1.308,0.332,33.936,479.492,-204.895
-0.499,0.978,-0.164,44.861,492.859,-226.074
-0.539,0.833,-0.208,44.189,493.530,-240.051
-0.599,0.668,-0.184,25.391,502.502,-257.568
-0.664,0.473,-0.185,36.499,520.081,-254.150
-0.696,0.328,-0.593,61.707,541.443,-234.009
-0.638,0.450,-1.049,84.961,555.237,-203.674
-0.571,0.510,-1.472,122.803,503.235,-165.527
-0.419,0.321,-1.572,128.845,439.270,-149.292
-0.337,0.304,-1.437,119.141,378.967,-122.192
-0.247,0.373,-1.450,88.623,321.472,-77.026
-0.151,0.403,-1.608,91.553,306.396,-74.036
-0.089,0.251,-1.969,95.764,282.837,-75.378
-0.122,0.059,-1.982,96.802,243.958,-75.317
-0.141,-0.151,-1.875,105.713,143.250,-41.077
-0.065,-0.199,-1.757,93.201,97.961,-0.488
0.049,0.078,-1.932,50.598,57.861,45.532
0.174,0.453,-2.301,-70.740,-27.710,92.651
0.246,0.789,-2.866,-126.892,-91.553,79.346
-0.106,0.986,-3.931,-144.226,-189.758,48.157
-0.556,0.697,-3.693,-97.168,-328.186,11.902
-0.995,0.187,-2.844,57.495,-606.873,-2.502
-1.342,-0.627,-0.713,16.479,-678.039,54.993
-1.225,-0.475,-0.055,-89.844,-686.157,154.785
-1.047,0.050,0.186,-166.321,-573.914,337.097
-0.908,0.685,0.119,-116.699,-513.550,356.628
-0.722,1.313,-0.066,-77.942,-479.675,334.656
-0.665,1.299,-0.027,-75.317,-468.323,302.368
-0.633,1.258,0.049,-77.881,-461.365,275.269
-0.627,1.379,0.424,-47.119,-456.177,272.034
-0.612,1.431,0.835,-18.982,-445.007,259.094
-0.506,1.420,1.300,3.967,-350.586,198.608
-0.326,1.377,1.605,-4.883,-259.338,164.795
-0.032,1.391,1.247,-21.484,-162.476,133.362
0.026,1.348,0.862,-29.419,-87.891,100.891
0.065,1.199,0.589,-39.856,-32.166,46.448
0.072,0.894,0.411,-47.241,-26.794,39.429
0.043,0.893,0.438,-39.246,-20.813,43.762
0.013,0.976,0.524,-13.916,4.333,46.387
-0.003,1.131,0.667,-21.423,24.658,34.790
-0.045,1.619,1.002,-36.194,53.772,12.939
-0.109,1.837,1.059,-57.495,94.849,-21.973
-0.186,1.952,0.985,-125.244,201.416,-130.676
-0.332,1.694,0.623,-140.198,254.333,-193.604
-0.371,1.386,0.393,-127.991,301.758,-247.620
-0.372,1.083,0.118,-85.083,368.591,-296.814
-0.333,0.856,-0.156,-74.402,379.944,-293.335
-0.204,0.645,-0.429,-67.017,378.906,-281.250
-0.169,0.607,-0.339,-63.477,373.657,-268.494
-0.179,0.547,-0.166,-76.172,395.386,-257.080
-0.351,0.201,-0.119,-52.429,428.955,-252.686
-0.396,0.071,-0.327,-3.113,466.858,-235.107
-0.355,0.187,-0.751,6.470,512.390,-149.109
-0.259,0.547,-1.382,-14.526,487.976,-114.441
-0.101,1.226,-2.402,-5.798,414.429,-107.605
-0.050,1.275,-2.386,23.193,302.429,-124.634
-0.038,1.143,-2.027,81.482,90.149,-172.363
-0.102,0.775,-0.968,88.501,39.063,-183.166
-0.137,0.668,-0.578,82.397,30.945,-185.608
-0.160,0.605,-0.419,77.026,97.473,-185.608
-0.188,0.467,-0.609,67.566,135.132,-185.669
-0.194,0.329,-0.784,59.082,160.034,-184.082
-0.160,0.196,-0.993,64.697,173.523,-177.002
-0.094,0.158,-1.282,85.571,171.082,-141.479
0.051,0.183,-1.889,73.486,145.203,-124.695
0.098,0.071,-2.050,53.284,102.051,-112.488
0.142,-0.068,-2.166,8.789,-3.052,-75.073
0.164,-0.169,-2.435,-23.010,-59.998,-46.082
0.118,-0.175,-2.480,-51.758,-124.451,-15.686
0.028,-0.174,-2.401,-68.115,-265.259,51.086
-0.094,-0.146,-2.219,-36.377,-328.735,86.731
-0.371,-0.021,-1.858,-18.005,-383.667,120.972
-0.515,0.064,-1.686,-43.213,-434.082,155.640
-0.671,0.181,-1.394,-121.765,-517.273,228.088
-0.899,0.385,-0.650,-135.559,-533.813,258.301
-0.907,0.483,-0.430,-136.780,-530.090,283.936
-0.888,0.643,-0.340,-88.623,-499.207,319.946
-0.859,0.849,-0.267,-63.660,-490.051,323.242
-0.765,1.147,-0.003,-55.664,-481.201,316.284
-0.704,1.245,0.181,-33.203,-467.834,300.903
-0.614,1.307,0.460,25.085,-424.194,248.047
-0.286,1.305,0.715,11.780,-382.690,218.872
-0.202,1.281,0.595,5.005,-333.618,192.383
-0.180,1.229,0.542,-2.686,-268.982,143.738
-0.154,1.155,0.587,-39.001,-247.498,126.038
-0.054,1.135,0.649,-52.856,-221.069,115.356
-0.050,1.136,0.687,-16.418,-191.040,107.056
-0.046,1.077,0.778,45.471,-134.033,87.097
-0.034,1.071,0.846,10.437,-103.821,83.191
-0.065,1.281,0.855,-31.250,-76.294,82.031
-0.085,1.511,0.992,-70.374,-43.152,51.147
-0.126,1.650,1.281,-46.021,-18.127,22.705
-0.442,1.801,2.127,20.142,38.269,-7.935
-0.705,1.994,2.465,55.542,133.911,-41.077
-0.942,2.208,2.442,-22.461,414.368,-154.419
-1.416,1.705,1.188,-47.058,551.819,-239.136
-1.516,1.076,0.450,-14.526,652.222,-307.678
-1.509,0.525,-0.180,132.446,727.783,-295.410
-1.391,0.252,-0.656,153.625,708.008,-223.511
-0.907,0.443,-1.116,121.460,663.513,-149.963
-0.659,0.566,-1.218,53.406,611.572,-102.661
-0.450,0.574,-1.305,-114.502,508.850,-72.388
-0.163,0.869,-1.389,-176.147,454.102,-57.373
-0.078,1.257,-1.451,-201.538,398.010,-46.875
-0.045,1.568,-1.516,-135.193,281.982,-95.459
-0.076,1.650,-1.504,-74.585,227.112,-145.874
-0.164,1.243,-1.219,-24.536,189.392,-191.101
-0.204,1.005,-1.140,3.845,175.293,-221.008
-0.255,0.794,-1.140,54.504,175.781,-248.535
-0.328,0.284,-1.124,92.834,169.373,-253.052
-0.343,-0.035,-1.004,116.333,157.349,-245.911
-0.336,-0.365,-0.853,93.933,144.348,-178.833
-0.316,-0.655,-0.754,88.684,152.893,-123.474
-0.203,-1.081,-0.817,103.210,168.335,-64.575
-0.272,-1.219,-0.974,133.972,188.354,-4.578
-0.445,-1.251,-1.255,62.561,228.577,155.579
-0.579,-0.427,-2.535,-81.726,228.821,252.808
-0.477,0.535,-3.456,-229.370,194.641,337.830
-0.442,1.681,-4.000,-314.209,-68.909,372.620
-0.592,2.597,-4.000,-129.272,-310.913,284.363
-1.296,2.400,-2.896,99.792,-548.462,147.644
-1.557,1.490,-1.698,248.413,-700.989,11.475
-1.610,0.517,-0.806,178.528,-727.722,-100.220
-1.359,-0.377,-0.185,60.364,-688.721,-58.411
-1.186,-0.155,-0.003,-25.391,-652.344,14.709
-0.983,0.308,0.218,-82.214,-570.190,125.549
-0.775,0.811,0.423,-85.205,-522.339,134.155
-0.443,1.373,0.813,-78.064,-480.041,114.990
-0.290,1.341,1.092,-61.584,-443.848,80.627
-0.128,1.200,1.437,-35.828,-351.990,23.682
0.121,0.975,2.037,-32.898,-276.978,11.780
0.196,0.866,2.190,-29.297,-182.983,3.723
0.191,0.718,2.264,6.897,36.926,4.333
0.109,0.594,2.295,36.682,154.175,18.982
-0.105,0.578,1.974,42.786,273.254,33.997
-0.215,0.566,1.415,20.935,387.634,39.429
-0.263,0.553,0.617,-37.720,541.077,44.373
0.018,1.306,-1.527,-73.425,544.922,54.565
0.246,1.861,-2.483,-89.600,480.835,46.814
0.380,2.088,-2.997,10.132,188.110,-60.974
0.403,1.788,-2.902,47.241,12.573,-124.390
0.264,0.489,-1.008,46.570,-130.249,-151.550
0.229,0.134,0.121,30.396,-201.538,-135.071
0.268,0.042,1.026,0.732,-126.892,-42.236
0.395,0.326,1.976,-18.433,-15.625,1.953
0.343,0.613,1.617,-42.542,127.686,29.907
0.240,0.842,0.770,-63.416,354.797,10.437
0.153,0.891,-0.141,-43.396,378.967,-13.611
0.208,1.070,-1.277,-29.968,355.530,-24.109
0.263,1.421,-1.632,-39.978,312.439,-30.823
0.265,1.569,-1.904,-44.373,195.312,-100.708
0.203,0.982,-1.692,-4.150,121.033,-135.925
0.188,0.758,-1.339,45.166,56.885,-145.630
0.192,0.708,-1.040,98.572,-1.160,-127.502
0.201,0.701,-0.862,102.173,-4.150,-121.643
0.199,0.470,-0.725,94.116,-0.305,-118.042
0.193,0.225,-0.721,74.646,7.996,-112.427
0.171,-0.125,-0.797,16.052,36.865,-80.688
0.036,-1.132,-1.120,-13.672,49.500,-41.809
-0.039,-1.263,-1.211,-51.819,53.162,27.893
-0.047,-0.739,-1.203,-216.858,42.603,210.144
-0.012,0.186,-1.148,-263.367,38.574,248.535
0.047,1.116,-0.919,-240.906,35.400,232.056
0.040,0.955,-0.764,-183.350,33.264,193.481
-0.001,0.740,-0.608,-84.900,31.921,160.095
-0.021,0.727,-0.079,-59.387,34.363,168.579
0.008,0.976,0.234,-57.190,49.744,181.091
0.013,1.253,0.366,-102.051,141.907,160.583
0.003,1.404,0.226,-119.873,195.679,123.657
0.050,1.850,-0.571,-133.240,228.394,88.318
0.031,2.385,-1.040,-123.535,232.483,49.561
-0.058,2.727,-1.401,71.289,167.603,-132.446
-0.299,1.571,-1.501,187.683,117.676,-253.052
-0.368,0.585,-1.378,250.732,73.914,-327.026
-0.375,-0.092,-1.296,227.722,29.907,-277.039
-0.356,-0.498,-1.283,180.603,26.428,-210.571
-0.330,-1.515,-1.331,129.944,32.349,-140.991
-0.362,-1.781,-1.291,61.157,42.847,-49.438
-0.432,-1.427,-1.207,-143.494,59.509,196.838
-0.453,0.372,-1.129,-223.328,65.369,284.790
-0.362,1.077,-1.219,-259.644,71.899,314.880
-0.218,1.544,-1.417,-222.717,53.955,257.385
-0.014,2.100,-1.557,-180.603,6.592,207.764
0.107,3.558,-1.267,-92.896,-57.617,119.873
-0.041,3.421,-0.894,57.190,-117.615,-30.579
-0.227,2.395,-0.550,356.628,-148.437,-360.779
-0.311,-0.104,-0.317,399.109,-122.253,-413.208
-0.304,-0.690,-0.276,344.177,-92.896,-370.789
-0.362,-1.149,-0.236,133.362,-24.597,-198.486
-0.399,-1.792,-0.259,52.002,34.180,-99.609
-0.552,-2.078,-0.521,-50.354,106.750,36.926
-0.701,-1.282,-1.079,-167.664,184.387,193.481
-0.782,-0.112,-2.122,-279.846,255.554,376.282
-0.767,1.520,-4.000,-212.158,178.284,352.661
-0.724,1.843,-4.000,-110.107,7.446,289.978
-0.777,1.852,-3.172,-2.686,-421.936,141.724
-0.873,1.496,-1.695,19.104,-521.240,75.684
-0.634,0.638,0.381,35.706,-521.240,35.583
-0.349,0.515,0.799,50.659,-466.797,23.743
-0.064,0.561,1.024,-2.563,-299.927,36.560
0.158,0.672,0.878,-41.809,-192.139,33.936
0.124,0.448,0.468,-36.926,-79.956,19.958
0.057,0.103,-0.022,80.078,71.167,30.518
-0.028,-0.154,-0.392,94.604,90.698,77.332
-0.173,0.085,-0.546,63.416,89.722,138.123
-0.210,0.437,-0.460,47.180,86.121,187.744
-0.227,0.631,-0.373,92.224,81.421,205.566
-0.250,0.529,-0.143,116.272,76.416,198.914
-0.276,0.502,-0.070,140.747,78.735,199.951
-0.300,0.554,-0.075,161.133,107.605,215.759
-0.301,0.696,-0.127,126.038,119.019,225.586
-0.277,1.451,-0.305,69.031,125.488,229.919
-0.250,1.923,-0.463,18.250,129.333,216.064
-0.242,2.248,-0.676,-6.897,121.765,114.929
-0.249,2.165,-0.975,22.583,99.915,44.556
-0.220,1.899,-0.816,49.438,64.575,-18.799
-0.179,1.638,-0.445,33.508,6.958,-99.854
-0.141,1.449,-0.010,12.817,9.521,-122.925
-0.134,1.370,0.609,-2.319,31.555,-141.846
-0.167,1.430,0.747,-7.019,65.369,-162.659
-0.256,1.491,0.753,38.635,163.818,-211.853
-0.530,1.410,0.245,64.941,219.055,-239.197
-0.645,1.258,-0.115,70.313,262.146,-263.000
-0.745,1.087,-0.470,37.964,296.814,-288.025
-0.830,0.834,-0.875,23.560,288.330,-291.382
-0.850,-0.246,-1.880,29.419,259.766,-280.945
-0.852,-1.096,-2.428,55.115,212.585,-244.812
-0.882,-1.934,-2.847,47.058,55.237,-32.349
-1.024,-1.662,-2.287,-80.383,-46.204,155.090
-1.052,-0.342,-1.683,-244.202,-118.164,340.637
-0.979,1.052,-1.406,-333.923,-130.981,463.135
-0.819,1.959,-1.440,-264.282,-133.118,390.686
-0.493,2.278,-1.467,-183.350,-163.025,289.673
-0.407,2.241,-1.143,-110.413,-212.708,195.374
-0.361,2.148,-0.585,48.889,-286.804,21.057
-0.264,1.618,0.755,108.765,-280.884,-57.312
-0.177,1.424,1.372,138.000,-243.530,-111.206
-0.099,1.334,1.727,205.566,-61.157,-164.124
-0.143,1.097,1.186,237.488,61.646,-184.753
-0.271,0.894,0.559,233.826,164.917,-200.867
-0.376,0.709,0.013,194.824,225.952,-204.956
-0.429,0.616,-0.312,75.378,235.291,-170.288
-0.501,0.549,-0.543,19.897,222.778,-146.545
-0.551,0.404,-0.753,-19.592,216.858,-126.892
-0.537,0.206,-1.046,-25.635,199.646,-71.228
-0.364,0.376,-1.466,-38.086,171.631,-25.696
-0.276,0.800,-1.487,-62.317,130.371,12.695
-0.194,1.251,-1.384,-74.646,82.275,26.489
-0.140,1.563,-1.233,-23.560,-1.221,-31.128
-0.100,1.452,-0.907,18.677,-30.396,-82.886
-0.086,1.138,-0.726,51.208,-50.720,-126.770
-0.069,0.815,-0.565,67.871,-59.265,-155.396
-0.123,0.184,-0.442,52.979,-49.255,-146.545
-0.204,-0.281,-0.494,36.133,-33.325,-129.089
-0.276,-0.834,-0.601,-5.981,13.855,-31.128
-0.383,-1.254,-0.786,-48.767,43.701,70.862
-0.659,-0.667,-1.307,-114.502,68.237,196.106
-0.703,0.335,-1.778,-186.401,83.801,309.265
-0.699,1.393,-2.400,-195.374,30.090,355.225
-0.723,2.290,-2.893,-126.221,-69.885,279.480
-0.742,2.157,-2.396,-59.631,-200.317,184.937
-0.740,2.066,-1.599,-21.423,-402.832,60.242
-0.690,2.186,-0.848,-9.033,-434.204,11.475
-0.496,2.454,0.043,15.991,-429.565,-54.565
-0.444,2.160,0.209,49.988,-401.245,-140.198
-0.388,1.524,0.183,107.483,-315.735,-284.912
-0.178,0.397,0.101,108.887,-288.269,-295.288
-0.044,0.212,0.269,87.585,-272.400,-270.386
0.099,0.161,0.486,26.978,-216.797,-200.989
0.215,0.119,0.666,8.057,-168.152,-169.983
0.336,-0.080,0.826,22.217,-110.413,-135.986
0.394,-0.113,0.868,64.453,-50.964,-95.154
0.427,0.007,0.932,105.164,64.636,-7.385
0.369,0.538,0.782,72.998,127.563,20.508
0.330,0.890,0.517,42.969,185.059,32.593
0.349,1.359,0.131,81.482,253.235,16.724
0.385,1.886,-0.411,143.494,258.484,-26.733
0.302,2.050,-1.602,204.590,235.840,-98.511
0.255,1.530,-1.949,226.196,180.298,-176.941
0.242,0.896,-1.928,138.062,-3.479,-242.310
0.299,0.291,-0.940,75.806,-85.449,-215.149
0.372,0.259,-0.527,47.485,-123.596,-174.683
0.449,0.211,-0.375,47.363,-101.318,-114.136
0.519,0.186,-0.313,5.371,-88.196,-88.379
0.562,0.364,-0.094,-68.542,-80.383,-66.406
0.539,0.415,0.010,-136.169,-70.313,-53.955
0.513,0.427,0.103,-160.889,-28.931,-41.748
0.493,0.454,-0.012,-111.572,4.517,-38.025
0.501,0.414,-0.214,-51.147,37.476,-40.100
0.516,0.321,-0.407,-22.034,75.317,-46.448
0.507,0.180,-0.534,-39.490,83.252,-43.030
0.336,-0.441,-0.464,-58.167,89.905,-33.936
0.247,-0.765,-0.347,-86.365,102.905,-9.644
0.160,-0.803,-0.294,-183.533,163.391,101.929
-0.023,-0.204,-0.521,-208.923,203.857,151.978
-0.061,0.034,-0.749,-198.853,241.272,177.368
-0.099,0.177,-0.992,-135.193,280.212,194.641
-0.155,0.264,-1.213,-123.718,274.841,203.186
-0.122,0.570,-1.632,-137.634,254.761,216.919
-0.042,1.009,-1.917,-165.710,221.008,231.506
0.050,1.550,-2.307,-158.630,99.243,191.223
-0.018,2.096,-3.131,-76.721,1.648,117.981
-0.194,1.662,-3.086,43.213,-125.732,21.851
-0.350,0.752,-2.525,184.021,-391.052,-106.812
-0.408,-0.215,-1.671,163.330,-457.947,-77.209
-0.234,-0.777,-0.401,118.225,-464.478,3.540
-0.090,-0.448,-0.137,93.689,-429.749,89.294
0.070,-0.062,-0.093,50.171,-309.570,164.490
0.196,0.420,-0.494,36.194,-258.911,162.964
0.172,0.670,-0.665,55.237,-235.413,157.837
0.121,0.950,-0.618,133.789,-265.320,125.549
0.133,1.067,-0.448,101.074,-287.781,96.558
0.174,0.811,-0.042,63.416,-301.880,80.627
0.120,0.632,0.125,58.411,-303.650,81.970
0.118,0.512,0.187,38.086,-275.635,108.215
0.226,0.419,0.163,-25.696,-258.545,128.235
0.230,0.626,0.232,-67.139,-239.197,154.907
0.251,1.017,0.369,-28.076,-176.636,170.471
0.293,1.372,0.472,-35.156,-130.432,133.484
0.330,1.350,0.374,-54.504,-80.505,80.200
0.365,1.177,0.282,-55.847,-34.363,35.461
0.385,1.146,0.210,-2.441,38.086,-4.639
0.353,1.025,0.276,25.085,67.444,-26.306
0.355,0.719,0.327,20.264,98.389,-48.279
0.373,0.513,0.252,-60.059,172.913,-31.128
0.402,0.557,-0.015,-106.262,203.308,-5.554
0.453,0.860,-0.869,-137.146,214.478,10.010
0.468,0.908,-1.219,-142.944,201.050,15.625
0.470,0.965,-1.483,-45.349,120.361,23.621
0.472,1.211,-1.746,14.038,58.777,21.973
0.443,1.246,-1.592,40.771,-15.198,9.766
0.387,1.079,-1.207,87.830,-143.188,-27.466
0.344,0.752,-0.665,129.883,-168.762,-26.611
0.402,0.537,0.141,146.118,-160.645,-5.798
0.443,0.769,0.114,126.892,-130.615,17.456
0.405,0.873,0.022,123.230,-96.069,11.292
0.257,0.505,0.234,131.958,-101.807,2.625
0.274,0.364,0.382,129.456,-103.699,10.437
0.311,0.396,0.474,103.821,-75.073,60.242
0.306,0.562,0.606,106.506,-50.537,78.430
0.232,0.867,1.074,122.131,-10.498,82.764
0.189,0.939,1.062,137.817,53.589,78.857
0.158,0.963,0.712,107.971,188.599,71.411
0.131,0.737,-0.435,27.527,204.285,75.806
0.155,0.710,-0.607,-33.691,174.316,91.858
0.184,0.807,-0.423,-4.150,96.313,127.502
0.195,0.919,-0.159,20.752,94.666,130.066
0.170,0.999,-0.039,38.208,109.497,125.488
0.155,0.986,-0.117,45.654,121.094,118.652
0.149,0.948,-0.169,30.762,102.783,106.506
0.170,0.846,0.322,37.476,84.229,104.370
0.158,0.870,0.766,70.740,85.693,108.276
0.134,1.059,0.937,93.384,173.767,123.535
0.107,1.335,0.747,85.449,218.323,116.455
0.037,1.586,-0.181,63.232,229.797,95.459
0.023,1.594,-0.491,23.315,199.036,65.613
0.029,1.534,-0.489,-42.053,77.515,-1.038
0.009,1.089,0.017,-62.134,37.537,-23.437
-0.005,0.849,0.215,-83.252,26.794,-27.832
0.004,0.732,0.286,-122.314,65.063,11.536
0.015,0.768,0.290,-125.732,94.055,33.936
-0.111,0.920,0.284,-108.948,126.160,43.518
-0.213,0.838,0.261,-69.397,161.011,42.786
-0.173,0.702,0.171,-10.559,222.717,57.800
-0.065,0.739,-0.279,-17.761,234.558,80.994
-0.122,0.974,-0.336,-26.489,222.290,101.501
-0.156,1.140,-0.213,-47.180,167.541,93.994
-0.158,1.192,-0.006,-52.612,158.447,78.613
-0.220,1.159,0.203,-48.889,168.457,64.392
-0.275,1.103,0.153,-42.114,187.683,52.124
-0.327,1.041,0.065,-65.796,212.585,35.828
-0.387,0.954,-0.072,-87.280,213.501,30.945
-0.393,0.928,-0.146,-101.257,211.121,25.757
-0.393,0.879,-0.230,-108.704,196.838,10.254
-0.396,0.822,-0.272,-111.511,184.875,4.944
-0.447,0.755,-0.226,-117.126,176.514,4.089
-0.504,0.757,-0.285,-124.512,176.758,7.812
-0.562,0.817,-0.447,-124.756,185.852,19.531
-0.575,1.078,-0.844,-112.549,179.260,17.273
-0.546,1.126,-0.949,-91.736,160.583,4.395
-0.520,1.079,-0.941,-56.152,101.074,-33.264
-0.508,0.978,-0.842,-60.242,72.937,-45.288
-0.503,0.834,-0.555,-74.890,52.368,-50.232
-0.490,0.843,-0.442,-87.219,41.260,-50.659
-0.467,0.894,-0.388,-93.018,40.955,-50.537
-0.439,0.992,-0.425,-88.318,45.349,-54.138
-0.440,1.000,-0.489,-76.721,50.232,-60.852
-0.447,0.964,-0.564,-55.725,50.171,-78.308
-0.454,0.892,-0.613,-53.589,41.748,-82.703
-0.448,0.769,-0.584,-54.260,30.945,-81.848
-0.433,0.762,-0.550,-53.040,21.667,-77.637
-0.413,0.774,-0.544,-45.715,12.329,-72.144
-0.381,0.733,-0.586,-42.297,8.606,-71.350
-0.360,0.704,-0.588,-39.612,3.540,-68.176
-0.335,0.714,-0.582,-35.217,-4.333,-54.749
-0.309,0.755,-0.595,-27.161,-7.141,-52.002
-0.263,0.771,-0.601,-18.860,-12.756,-52.795
-0.246,0.760,-0.548,-17.395,-20.874,-53.894
-0.233,0.751,-0.477,-27.344,-31.982,-52.490
-0.199,0.737,-0.403,-28.137,-30.701,-50.415
-0.177,0.726,-0.415,-24.841,-26.306,-47.729
-0.155,0.709,-0.449,-11.841,-17.273,-41.016
-0.133,0.696,-0.489,-8.545,-16.479,-37.109
-0.101,0.690,-0.522,-9.827,-18.311,-32.898
-0.097,0.685,-0.512,-12.329,-21.118,-28.442
-0.085,0.684,-0.500,-19.287,-26.184,-17.578
-0.052,0.768,-0.444,-20.752,-26.306,-13.184
-0.037,0.785,-0.452,-11.841,-22.705,-13.123
-0.027,0.766,-0.479,10.071,-17.944,-15.930
-0.019,0.747,-0.491,9.094,-20.264,-14.038
-0.001,0.752,-0.456,0.916,-22.644,-11.414
0.004,0.739,-0.442,-7.263,-23.254,-9.583
0.003,0.705,-0.434,-9.216,-20.142,-5.493
-0.008,0.691,-0.437,-9.521,-17.212,-0.427
-0.015,0.759,-0.448,-14.771,-13.733,6.470
-0.038,0.840,-0.498,-26.306,-5.005,12.390
-0.076,0.872,-0.636,-17.517,-4.211,7.874
-0.103,0.830,-1.028,2.502,-13.428,3.174
-0.093,0.853,-1.076,19.592,-34.729,1.343
-0.084,0.891,-0.974,21.484,-86.914,-3.784
-0.095,0.880,-0.730,11.353,-101.013,-11.047
-0.109,0.827,-0.768,2.686,-106.628,-19.470
-0.109,0.797,-0.898,9.583,-121.826,-28.503
-0.092,0.897,-1.219,-0.977,-143.250,-27.466
-0.109,0.995,-1.300,-22.583,-175.171,-25.452
-0.153,1.067,-1.282,-45.166,-213.684,-26.062
-0.207,1.079,-1.099,-38.757,-287.964,-40.283
-0.210,0.993,-0.399,-15.076,-306.274,-49.133
-0.124,0.969,-0.190,-4.517,-304.260,-55.298
-0.030,0.991,-0.191,-52.856,-271.301,-52.734
0.031,1.184,-0.406,-62.988,-261.963,-51.392
0.070,1.224,-0.451,-42.908,-259.644,-60.120
0.130,1.172,-0.522,-16.113,-259.460,-76.782
0.140,1.083,-0.555,-0.061,-274.353,-102.783
Collected 750/750 Samples.
Data dump complete. Waiting for next motion...

