aX,aY,aZ,gX,gY,gZ
-1.292,4.000,1.243,400.513,95.581,-24.048
-1.136,3.882,-0.283,479.431,119.324,-125.061
-0.591,2.625,-1.155,41.870,-1.953,-326.294
0.602,-1.443,-1.042,-257.202,-77.271,-333.435
0.661,-2.607,-0.450,-482.483,-130.615,-249.023
0.398,-2.886,0.834,-726.135,-204.651,-5.310
0.100,-2.622,2.471,-716.309,-198.059,48.828
-0.042,-2.007,4.000,-622.314,-151.001,54.382
0.009,-1.899,3.791,-447.815,-64.758,52.979
-0.022,-1.561,2.791,44.922,121.460,138.184
-0.263,0.015,0.822,263.916,158.936,197.327
-0.413,0.743,0.321,400.513,155.029,232.788
-0.532,1.221,0.216,410.339,78.125,220.764
-0.596,1.464,0.396,318.726,33.081,186.707
-0.629,1.450,0.724,202.026,-3.052,143.433
-0.625,1.309,0.779,103.882,-28.687,100.891
-0.615,1.190,0.832,3.662,-50.171,46.753
-0.618,1.080,0.941,-24.780,-51.941,30.823
-0.630,1.077,1.005,-37.598,-52.063,16.541
-0.635,1.076,1.071,-30.640,-52.795,-18.860
-0.646,1.096,1.162,-35.583,-54.626,-42.358
-0.598,0.983,1.429,-53.650,-53.711,-69.580
-0.569,0.818,1.597,-87.036,-45.776,-94.910
-0.561,0.687,1.701,-112.488,-1.404,-120.117
-0.621,0.592,1.638,-90.942,29.846,-120.605
-0.688,0.689,1.484,-59.631,61.646,-119.080
-0.735,0.768,1.357,-37.292,97.839,-143.433
-0.741,0.692,1.342,-70.374,100.586,-166.138
-0.634,0.131,1.507,-107.117,101.013,-179.138
-0.587,-0.011,1.629,-130.920,102.966,-173.828
-0.587,0.057,1.683,-132.019,126.282,-141.052
-0.568,0.295,1.319,-102.539,146.057,-137.756
-0.454,0.254,1.007,-68.970,160.522,-141.846
-0.293,0.127,0.826,-56.580,149.841,-144.348
-0.143,0.002,0.829,-64.514,140.442,-139.465
0.058,-0.116,0.879,-65.796,139.587,-133.423
0.151,-0.193,0.800,-58.350,144.470,-126.282
0.224,-0.193,0.632,-40.039,150.818,-93.994
0.278,0.153,0.154,-38.818,142.029,-78.735
0.325,0.200,0.080,-50.537,121.521,-74.646
0.386,0.106,0.222,-93.079,68.298,-73.364
0.433,-0.017,0.433,-99.487,56.641,-63.110
0.451,0.038,0.473,-90.149,56.885,-48.828
0.456,0.116,0.341,-75.317,58.716,-37.231
0.464,0.169,0.248,-70.190,41.870,-23.132
0.475,0.280,0.138,-70.923,27.527,-18.494
0.478,0.301,0.127,-71.899,11.169,-15.869
0.467,0.326,0.215,-82.275,-22.339,-9.338
0.430,0.379,0.402,-89.844,-31.067,-5.920
0.368,0.398,0.720,-87.097,-28.809,-5.554
0.364,0.359,0.660,-70.740,-17.944,-5.920
0.352,0.362,0.515,-42.114,-3.296,0.793
0.246,0.653,0.394,-49.866,-7.629,4.150
0.179,0.806,0.481,-64.941,-16.052,0.977
0.115,0.911,0.583,-66.040,-22.217,-19.470
0.057,1.011,0.609,-45.044,-18.250,-31.921
0.033,0.928,0.437,-19.653,-13.000,-45.044
0.064,0.791,0.202,0.854,-8.789,-54.077
0.097,0.674,-0.083,5.310,-20.691,-57.800
0.094,0.670,-0.650,-2.380,-40.100,-59.021
0.070,0.700,-0.930,-7.935,-67.993,-65.430
0.056,0.695,-1.148,-19.653,-152.405,-89.478
0.042,0.643,-1.233,-41.138,-205.872,-98.755
-0.072,0.643,-0.930,-80.872,-259.705,-101.135
-0.164,0.763,-0.618,-125.061,-306.030,-100.403
-0.196,0.697,-0.199,-164.124,-361.389,-109.131
-0.042,0.168,0.856,-145.874,-357.727,-98.389
-0.008,0.191,0.839,-90.759,-326.111,-70.251
-0.065,0.360,0.604,47.058,-272.217,-18.921
-0.194,0.528,0.531,84.778,-272.583,-11.414
-0.439,0.380,1.280,88.013,-279.724,-11.536
-0.510,0.317,1.802,63.599,-277.344,-7.935
-0.579,0.405,1.929,15.991,-220.886,3.418
-0.702,0.625,1.470,7.751,-198.975,-1.892
-0.730,0.626,1.331,2.625,-194.275,-13.977
-0.958,2.042,1.461,-24.231,108.093,138.977
-1.151,3.354,1.155,-45.044,127.502,112.183
-1.222,4.000,0.360,-94.543,166.992,-84.595
-0.645,3.265,-3.219,-110.901,135.132,-211.426
-0.183,1.761,-3.789,-122.131,14.832,-298.584
0.225,-0.399,-2.482,-34.058,-275.208,-280.701
0.446,-2.494,0.100,82.336,-285.828,-147.156
-0.121,-2.361,3.737,192.383,-190.552,23.010
-0.536,-0.767,3.462,231.689,-67.200,132.080
-0.643,-0.061,2.814,-16.541,-8.789,35.156
-0.074,-1.276,2.467,-144.226,-21.240,-27.649
0.134,-1.328,1.912,-155.884,3.723,-15.808
0.177,-0.614,1.019,-24.292,62.988,107.483
0.132,0.223,0.284,-16.418,43.823,134.094
-0.073,0.996,0.045,-42.114,8.667,133.606
-0.187,1.115,0.222,-64.575,-20.325,121.948
-0.284,1.231,0.309,-59.509,-43.457,94.055
-0.412,1.376,0.176,-45.288,-52.002,78.247
-0.474,1.477,0.138,-34.912,-65.369,62.927
-0.526,1.540,0.191,-26.001,-95.642,27.710
-0.555,1.493,0.391,-15.930,-102.661,12.939
-0.614,1.399,1.257,-2.808,-94.666,3.357
-0.667,1.485,1.698,7.507,-67.627,-5.859
-0.741,1.720,1.954,12.878,32.471,-46.814
-0.846,1.949,1.432,-2.991,85.754,-88.928
-0.797,1.690,0.862,-34.119,118.164,-136.902
-0.674,1.292,0.503,-96.191,101.990,-200.684
-0.522,0.863,0.497,-112.427,83.069,-205.627
-0.306,0.353,1.003,-105.957,80.200,-195.190
-0.252,0.308,1.043,-73.730,96.619,-176.453
-0.214,0.376,0.797,11.902,138.062,-137.390
-0.078,0.461,0.072,27.283,132.446,-126.221
0.022,0.370,0.042,12.268,105.774,-119.690
0.101,0.289,0.197,-44.006,51.147,-103.333
0.157,0.243,0.310,-54.382,39.673,-93.384
0.257,0.190,0.234,-54.016,31.616,-82.031
0.282,0.198,0.238,-50.537,22.095,-68.542
0.270,0.288,0.307,-31.006,8.789,-41.016
0.235,0.493,0.237,-15.198,9.338,-33.020
0.233,0.528,0.207,-7.996,6.104,-29.053
0.235,0.523,0.243,-15.320,-10.071,-25.391
0.241,0.487,0.294,-21.973,-16.296,-21.484
0.213,0.518,0.354,-30.090,-20.569,-14.893
0.182,0.584,0.322,-39.185,-23.926,-8.362
0.143,0.654,0.315,-66.772,-35.339,0.122
0.034,0.898,0.437,-74.524,-39.734,0.854
0.001,0.954,0.523,-70.251,-39.978,-3.113
-0.034,1.020,0.568,-45.471,-30.334,-10.925
-0.097,1.152,0.578,-36.926,-25.330,-15.442
-0.217,1.482,0.660,-29.846,-20.996,-24.353
-0.210,1.493,0.745,-21.301,-15.198,-38.452
-0.171,1.436,0.771,-5.676,6.775,-68.359
-0.015,1.194,0.503,0.732,17.517,-83.069
0.096,0.992,0.368,2.136,20.874,-95.886
0.196,0.813,0.309,-13.184,10.498,-104.736
0.278,0.647,0.290,-24.902,4.517,-101.685
0.403,0.305,0.275,-33.020,-0.305,-93.750
0.451,0.171,0.230,-34.607,-3.784,-80.994
0.477,0.116,0.180,-31.128,-14.404,-47.729
0.442,0.212,-0.013,-31.555,-22.949,-33.630
0.409,0.231,-0.074,-33.630,-36.560,-23.376
0.380,0.183,-0.058,-41.565,-72.266,-5.127
0.352,0.085,-0.010,-46.265,-87.097,7.629
0.250,0.030,0.053,-49.622,-97.534,23.132
0.176,0.106,-0.035,-51.514,-104.431,37.598
0.117,0.175,-0.131,-56.763,-124.451,53.772
0.046,0.283,-0.225,-55.908,-139.587,59.326
0.000,0.402,-0.156,-55.054,-157.043,66.467
-0.042,0.526,-0.064,-37.292,-180.969,77.698
-0.065,0.591,-0.110,-20.508,-187.561,78.735
-0.056,0.508,-0.707,-5.493,-203.247,78.613
-0.091,0.451,-0.844,3.296,-236.084,81.421
-0.188,0.448,-0.682,24.536,-318.665,104.065
-0.463,0.422,0.057,47.424,-343.140,119.873
-0.614,0.504,0.311,71.838,-352.234,137.512
-0.370,-0.663,1.265,-6.104,-17.761,182.068
-0.448,0.384,1.552,12.695,-5.859,202.759
-0.426,1.388,2.046,8.972,31.250,117.493
0.103,2.666,1.607,-1.831,87.708,38.757
0.502,3.258,0.448,5.066,135.315,-37.415
0.695,3.462,-0.346,58.594,50.293,-214.478
0.558,2.707,-0.427,91.858,-34.607,-295.349
-0.263,-0.923,-0.004,127.930,-100.464,-327.698
-0.633,-2.627,0.521,156.555,-149.841,-296.326
-0.873,-3.148,1.413,116.150,-148.499,-117.065
-0.822,-2.454,1.597,29.053,-80.872,-66.284
-0.594,-2.329,0.989,-47.791,-17.700,-46.875
-0.360,-2.041,0.545,-28.931,7.019,15.137
-0.177,-1.474,0.488,16.541,-11.292,47.119
0.027,-0.395,0.853,41.565,-28.259,61.340
0.055,-0.099,1.017,45.715,-39.063,59.692
0.034,0.086,1.198,33.508,-43.640,37.537
-0.074,0.336,1.435,17.822,-35.461,20.325
-0.111,0.268,1.385,-3.235,-23.071,-2.380
-0.155,0.118,1.378,-17.212,-4.211,-35.156
-0.219,-0.048,1.472,-7.385,6.531,-38.330
-0.340,-0.271,1.784,3.174,21.606,-34.546
-0.387,-0.291,1.976,7.874,41.870,-26.367
-0.406,-0.271,2.104,-9.705,106.201,-8.240
-0.341,-0.206,1.871,-36.194,143.372,-1.892
-0.307,-0.132,1.714,-61.096,171.020,1.953
-0.278,-0.067,1.615,-60.364,198.669,-1.404
-0.235,-0.027,1.483,-51.270,208.008,-5.615
-0.059,-0.152,0.980,-49.133,213.013,-10.254
0.051,-0.206,0.624,-49.011,210.327,-11.841
0.158,-0.159,0.274,-12.939,169.617,-10.864
0.296,-0.198,0.077,11.597,135.620,-14.587
0.328,-0.329,0.105,21.973,106.201,-16.418
0.349,-0.478,0.106,17.273,62.439,-5.798
0.342,-0.541,0.177,17.822,41.565,6.165
0.249,-0.365,0.706,19.775,28.748,15.503
0.221,-0.362,0.869,15.869,30.151,17.761
0.218,-0.457,0.886,-19.348,52.673,16.296
0.238,-0.501,0.756,-41.443,60.486,21.912
0.255,-0.392,0.694,-61.157,64.514,29.846
0.274,-0.248,0.613,-83.557,64.087,35.278
0.292,-0.114,0.527,-76.721,54.138,26.245
0.295,-0.156,0.568,-64.026,39.795,14.709
0.282,-0.053,0.587,-51.941,28.137,8.484
0.270,0.152,0.565,-37.720,9.766,-10.986
0.266,0.599,0.546,-34.668,1.648,-32.043
0.277,0.824,0.405,-31.433,-3.418,-60.303
0.285,0.872,0.133,-20.386,-30.396,-134.644
0.273,0.724,-0.074,-2.869,-61.890,-166.077
0.163,0.786,0.004,20.569,-92.651,-188.293
0.060,0.982,0.103,42.419,-115.479,-212.524
-0.071,1.040,0.224,68.359,-145.203,-288.269
-0.332,0.717,0.346,69.336,-156.006,-330.627
-0.437,0.404,0.360,63.904,-167.969,-366.150
-0.546,0.141,0.379,59.265,-193.604,-395.447
-0.714,-0.323,0.463,68.359,-204.712,-396.057
-0.794,-0.663,0.639,78.308,-216.309,-390.076
-0.862,-0.909,0.961,87.097,-225.159,-372.620
-0.918,-1.079,1.247,72.144,-203.857,-316.895
-1.005,-1.416,1.696,47.119,-177.979,-285.645
-1.023,-1.385,1.737,29.114,-141.724,-250.549
-1.031,-1.292,1.627,6.714,-61.829,-190.796
-1.026,-1.260,1.463,-2.930,-30.518,-168.579
-0.950,-1.242,0.952,-5.737,-7.263,-145.569
-0.893,-1.195,0.709,-2.014,6.409,-99.976
-0.834,-1.267,0.542,-8.301,-0.793,-78.064
-0.741,-1.827,0.510,-18.311,-12.695,-48.035
-0.722,-2.096,0.566,-29.907,-24.231,-5.127
-0.742,-2.347,0.646,-67.383,-40.039,114.563
-0.948,-2.669,0.934,-90.820,-39.185,188.232
-1.104,-2.676,0.945,-115.540,-26.917,265.625
-1.285,-2.616,0.845,-161.011,10.254,417.847
-1.495,-2.249,0.618,-162.354,20.935,489.380
-1.693,-0.093,0.289,-139.954,17.700,536.499
-1.510,0.937,0.488,-104.675,7.996,536.011
-0.244,3.958,1.204,13.550,34.607,29.480
-0.064,3.982,-0.367,-98.694,35.889,-234.558
-0.082,3.295,-1.047,-145.081,-69.092,-356.262
-0.608,-0.375,-0.095,-153.931,-163.391,-421.631
-0.790,-2.803,0.573,-126.343,-218.079,-399.658
-0.893,-4.000,1.436,-8.728,-218.201,-92.651
-1.008,-2.476,2.599,20.203,-157.898,57.800
-0.908,-1.242,2.257,-0.916,-75.195,125.122
-0.676,-0.725,1.519,-87.036,28.137,84.167
-0.406,-0.758,0.870,-83.069,22.522,72.815
-0.110,-0.574,0.491,-42.236,-2.136,90.088
-0.090,-0.212,0.477,12.939,-29.297,117.432
-0.146,0.201,0.543,75.195,-79.285,145.386
-0.389,1.149,1.111,74.585,-90.637,135.193
-0.435,1.310,1.191,62.195,-84.045,102.783
-0.435,1.307,1.069,35.889,-61.707,12.268
-0.428,1.225,0.893,29.663,-63.354,-28.320
-0.491,0.626,0.977,21.545,-71.899,-56.946
-0.562,0.293,1.278,12.573,-77.515,-67.261
-0.615,0.068,1.515,18.921,-50.049,-41.138
-0.651,0.094,1.539,34.851,-24.048,-18.311
-0.692,0.300,1.569,54.749,0.244,0.427
-0.765,0.506,1.733,88.379,51.025,3.967
-0.844,0.662,1.885,93.567,87.646,-11.414
-0.937,0.813,1.753,91.736,126.099,-34.912
-0.925,0.763,1.536,87.280,158.142,-63.110
-0.884,0.592,1.369,79.102,186.645,-114.197
-0.846,0.182,1.623,78.003,194.214,-124.939
-0.826,0.128,1.722,86.060,214.294,-124.451
-0.730,0.082,1.502,93.567,276.550,-118.896
-0.567,0.033,1.062,68.787,283.081,-116.943
-0.248,-0.095,0.537,28.809,265.137,-115.601
-0.146,-0.248,0.508,-6.958,237.793,-112.366
-0.046,-0.375,0.387,-18.005,200.684,-84.045
0.160,-0.311,-0.020,-3.357,181.274,-60.974
0.237,-0.158,-0.098,14.404,154.480,-40.527
0.296,-0.073,-0.089,30.396,92.529,-27.405
0.314,-0.106,0.039,27.405,63.904,-28.259
0.280,-0.303,0.419,27.039,44.556,-26.489
0.265,-0.422,0.533,26.062,33.875,-21.301
0.235,-0.465,0.682,5.127,24.231,-2.747
0.145,-0.337,0.982,-10.315,27.832,6.531
0.103,-0.183,1.082,-22.339,37.048,13.489
0.072,-0.119,1.163,-51.758,62.317,10.559
0.050,-0.156,1.256,-66.406,76.538,10.071
0.037,0.075,1.132,-74.341,92.896,12.085
0.056,0.347,0.854,-73.792,103.882,8.484
0.087,0.660,0.621,-74.524,89.478,-31.189
0.180,1.274,-0.042,-84.900,69.641,-72.266
0.239,1.297,-0.449,-104.126,38.025,-127.930
0.251,0.896,-0.584,-132.935,-65.735,-224.487
0.216,0.432,-0.481,-90.820,-114.746,-232.544
0.069,0.647,-0.564,-13.550,-154.724,-229.187
-0.059,0.885,-0.632,55.176,-195.679,-239.258
-0.255,0.915,-0.455,74.524,-287.537,-304.443
-0.709,0.356,0.441,45.471,-319.397,-335.449
-0.825,-0.129,0.894,21.912,-331.848,-352.112
-0.831,-0.684,1.249,9.033,-305.664,-323.486
-0.763,-1.097,1.533,8.179,-277.466,-277.100
-0.643,-0.948,1.737,3.479,-243.347,-224.792
-0.659,-0.659,1.643,-17.334,-209.290,-182.129
-0.694,-0.403,1.578,-10.681,-157.654,-142.151
-0.736,-0.106,1.294,5.188,-134.949,-138.550
-0.744,-0.074,1.096,3.235,-120.789,-141.296
-0.750,-0.149,0.948,-17.456,-121.094,-153.687
-0.751,-0.337,0.870,-19.409,-127.563,-152.710
-0.755,-0.910,0.959,-19.470,-132.080,-141.113
-0.764,-1.293,1.128,-26.550,-131.531,-117.798
-0.776,-1.705,1.355,-49.561,-109.009,-28.076
-0.873,-2.368,1.774,-59.509,-84.229,41.199
-0.996,-2.515,1.912,-71.716,-49.927,123.108
-1.163,-2.515,1.875,-111.023,43.823,300.781
-1.364,-2.398,1.695,-128.479,88.806,384.033
-1.786,-1.542,1.100,-122.864,127.991,459.778
-1.924,-0.508,0.707,-86.060,157.776,524.048
-0.539,-0.410,2.134,-405.334,42.480,164.551
-0.615,0.156,1.830,-349.915,100.403,185.608
-0.633,0.551,1.193,-244.202,190.674,166.565
-0.610,1.330,0.070,-224.304,184.753,150.879
-0.617,2.455,-0.167,-243.347,154.175,137.634
-0.559,3.409,-0.390,-254.639,123.596,3.906
-0.397,3.396,-1.102,-175.354,123.047,-90.027
0.091,1.757,-3.284,-83.191,70.923,-140.869
0.175,0.988,-3.236,-17.639,-51.025,-142.944
0.030,0.221,-2.214,48.462,-313.171,-76.904
-0.559,-1.390,1.917,60.974,-363.525,-16.907
-0.747,-1.285,3.521,76.111,-324.890,60.425
-0.817,-0.625,3.844,116.577,-88.318,136.230
-0.790,0.096,3.157,108.276,-1.221,107.361
-0.472,0.220,1.409,86.853,33.203,62.866
-0.317,0.103,0.994,67.871,34.546,38.818
-0.239,0.249,0.780,40.710,22.034,64.331
-0.226,0.783,0.517,35.583,20.996,79.102
-0.236,0.878,0.352,31.128,19.836,83.618
-0.264,0.963,0.229,-2.502,-2.930,78.186
-0.324,1.152,0.177,-31.555,-22.217,68.176
-0.488,1.496,0.197,-63.843,-42.053,50.110
-0.583,1.635,0.200,-93.750,-60.303,28.625
-0.710,1.866,0.243,-138.489,-92.712,-20.020
-1.008,2.447,0.680,-158.752,-103.455,-57.007
-1.066,2.344,1.030,-168.152,-101.807,-105.957
-1.044,2.066,1.280,-149.597,-44.189,-186.096
-0.990,1.917,1.297,-134.949,0.305,-208.618
-0.824,1.665,0.542,-126.526,36.682,-229.492
-0.700,1.472,0.081,-137.817,49.194,-248.901
-0.559,1.151,-0.078,-212.830,7.874,-275.818
-0.243,0.200,0.349,-229.675,-11.353,-270.752
-0.092,-0.107,0.575,-209.717,-12.268,-245.483
0.017,-0.184,0.637,-106.934,27.710,-160.339
0.088,-0.131,0.568,-58.411,49.133,-119.690
0.123,0.136,0.445,-25.452,65.308,-83.618
0.076,0.465,0.241,-9.705,76.721,-53.650
-0.006,0.901,-0.010,-2.197,66.528,-41.199
-0.025,1.055,-0.234,3.235,44.617,-61.829
0.034,0.814,-0.036,-4.089,16.052,-81.299
0.053,0.683,0.276,-44.800,-10.864,-86.243
0.031,0.701,0.402,-42.114,3.967,-82.947
0.011,0.944,-0.032,-18.127,18.738,-83.618
0.041,0.920,-0.131,11.719,19.653,-89.294
0.110,0.776,-0.116,59.998,7.019,-96.313
0.228,0.511,-0.059,77.942,3.296,-88.013
0.218,0.643,0.011,87.585,-0.610,-73.181
0.193,0.802,0.092,89.661,-7.263,-61.157
0.168,0.899,0.200,88.196,-8.118,-64.758
0.154,0.972,0.125,84.656,-6.409,-72.510
0.187,0.894,-0.002,72.205,-10.071,-82.947
0.224,0.804,-0.029,10.986,-42.603,-95.886
0.253,0.584,0.210,-21.851,-59.692,-94.482
0.263,0.499,0.320,-41.931,-70.007,-86.792
0.284,0.411,0.362,-37.720,-71.777,-61.462
0.307,0.307,0.402,-23.621,-68.481,-45.105
0.334,0.094,0.333,-5.676,-64.148,-26.428
0.318,0.062,0.067,12.390,-63.904,-5.371
0.278,0.147,-0.299,21.851,-109.863,31.128
0.193,0.257,-1.024,-4.944,-161.560,35.522
0.137,0.118,-1.067,-52.246,-230.408,36.926
0.039,0.003,-0.786,-111.145,-353.943,71.899
-0.098,-0.060,-0.368,-91.248,-378.113,105.286
-0.359,0.033,0.600,-54.504,-377.319,144.653
-0.436,0.353,0.926,-15.320,-353.577,182.251
-0.487,0.757,0.928,43.823,-273.621,210.815
-0.566,1.363,0.706,44.312,-248.352,197.021
-0.576,1.429,0.852,29.114,-234.680,170.959
-0.563,1.386,1.213,-9.949,-193.848,120.850
-0.543,1.400,1.587,-14.771,-146.667,104.065
-0.508,1.513,1.428,-8.179,-88.013,85.205
-0.492,1.501,0.964,-0.977,-36.621,63.477
-0.478,1.444,0.484,0.000,1.831,22.888
-0.464,1.343,-0.142,-2.808,-10.376,7.996
-0.452,1.258,-0.177,-8.789,-36.987,-5.066
0.206,2.365,0.008,265.320,58.655,-63.354
0.285,2.087,-0.573,296.326,31.677,-160.461
0.147,1.003,-0.581,153.198,-101.318,-316.406
-0.598,-1.465,0.468,70.984,-159.424,-315.369
-0.922,-2.409,1.260,50.232,-193.298,-266.113
-1.112,-2.595,2.266,116.760,-153.625,-81.482
-1.173,-1.889,3.048,83.069,-62.378,-28.198
-0.997,-0.858,2.719,-19.836,41.504,-35.339
-0.838,-1.168,2.071,-125.854,122.253,-62.195
-0.653,-1.378,1.427,-137.268,178.833,-22.034
-0.336,-0.633,1.002,-64.392,166.199,24.658
-0.255,-0.159,1.100,-6.775,149.475,51.636
-0.205,0.006,1.177,-22.644,140.808,32.227
-0.178,-0.087,1.221,-62.683,147.095,16.235
-0.135,-0.299,1.146,-96.619,158.081,9.766
-0.100,-0.275,1.065,-117.615,169.373,11.353
-0.059,-0.151,0.989,-126.770,184.143,20.386
0.026,0.123,0.865,-123.108,186.279,18.738
0.065,0.184,0.812,-115.906,185.608,13.000
0.114,0.210,0.683,-89.600,177.673,-1.282
0.162,0.211,0.532,-70.007,164.062,-8.911
0.207,0.159,0.489,-48.157,146.301,-16.113
0.208,0.118,0.545,-28.198,130.371,-22.217
0.201,0.094,0.642,-1.526,106.567,-32.349
0.193,0.050,0.812,-2.686,100.647,-39.490
0.212,-0.088,0.778,-13.672,98.267,-48.340
0.249,-0.287,0.692,-28.259,91.736,-52.246
0.292,-0.436,0.633,-23.437,85.144,-41.565
0.368,-0.296,0.602,-16.174,78.735,-28.198
0.409,-0.177,0.569,-13.062,72.815,-20.081
0.442,-0.134,0.509,-16.235,58.105,-21.667
0.472,-0.164,0.402,-12.146,47.668,-24.414
0.466,-0.161,0.403,-4.883,35.400,-26.306
0.446,-0.188,0.488,-2.197,11.963,-30.762
0.418,-0.233,0.607,-4.883,6.714,-31.189
0.389,-0.238,0.701,-6.165,5.066,-29.602
0.383,-0.193,0.696,-5.310,4.028,-27.100
0.369,-0.080,0.711,1.099,1.831,-22.949
0.340,0.230,0.731,-2.625,2.380,-27.161
0.330,0.369,0.710,-16.174,2.869,-37.842
0.319,0.517,0.680,-48.340,0.305,-77.271
0.312,0.718,0.610,-53.528,-2.808,-105.713
0.276,1.217,0.203,-51.758,-12.451,-142.822
0.214,1.360,0.042,-42.358,-33.386,-189.331
0.122,1.326,-0.081,-2.563,-96.008,-294.617
-0.104,0.683,-0.090,17.395,-132.019,-336.548
-0.204,0.252,0.041,36.133,-165.588,-361.755
-0.276,-0.131,0.239,65.308,-209.412,-362.305
-0.329,-0.339,0.446,63.965,-216.675,-348.083
-0.427,-0.464,0.736,49.866,-218.018,-335.205
-0.484,-0.603,0.847,30.090,-216.064,-325.317
-0.540,-0.862,0.944,-6.042,-206.360,-294.373
-0.650,-1.162,1.105,-9.399,-199.280,-263.733
-0.717,-1.199,1.212,-10.986,-190.613,-229.248
-0.786,-1.164,1.375,-19.043,-162.964,-165.405
-0.843,-0.999,1.511,-20.203,-138.184,-143.616
-0.875,-0.624,1.494,-21.362,-109.192,-134.766
-0.845,-0.641,1.319,-24.719,-81.116,-136.292
-0.790,-0.792,1.060,-32.043,-46.875,-136.230
-0.663,-1.263,0.639,-35.889,-47.546,-122.986
-0.634,-1.550,0.645,-40.100,-58.350,-97.961
-0.642,-1.786,0.767,-41.321,-80.383,-9.521
-0.682,-2.012,0.937,-51.208,-81.299,47.241
-0.872,-2.651,1.344,-77.637,-71.655,112.122
-1.038,-2.988,1.421,-119.629,-48.889,187.073
-1.260,-3.204,1.306,-198.303,18.860,372.375
-1.858,-2.592,0.606,-220.276,47.241,476.196
-2.136,-1.560,0.056,-221.497,62.744,572.449
-2.206,-0.067,-0.312,-116.577,25.269,653.747
-1.981,1.358,-0.217,-62.561,-10.742,590.454
-1.101,1.832,0.799,-59.631,-32.776,474.670
-0.813,1.088,1.156,-114.563,-33.264,355.835
-0.721,0.509,1.359,-217.957,4.211,239.868
-0.720,0.533,1.409,-204.529,32.288,228.394
-0.639,0.729,1.128,-161.316,59.143,219.971
-0.542,-3.154,2.328,-82.703,40.527,134.033
-0.938,-2.656,2.608,-90.454,91.248,249.878
-1.265,-1.056,2.193,-119.202,260.376,424.988
-0.882,1.747,-0.017,-135.010,303.833,394.470
-0.250,2.712,-0.452,-81.543,277.405,312.439
0.464,3.682,-0.796,116.028,154.175,100.769
0.987,4.000,-1.455,154.724,54.077,-52.368
0.411,2.833,-1.044,164.124,-76.721,-230.103
-0.213,0.753,-0.233,178.589,-182.800,-368.164
-0.619,-0.287,0.636,239.197,-236.267,-362.488
-1.045,0.053,1.178,183.899,-199.158,-357.178
-1.198,-0.911,0.944,55.725,-163.208,-400.269
-1.232,-2.650,0.932,-168.457,-157.898,-391.846
-1.103,-4.000,1.252,-160.767,-151.062,-252.197
-0.770,-3.217,1.209,-83.557,-123.169,-75.684
-0.652,-2.156,1.060,1.648,-98.450,55.908
-0.554,-1.249,1.098,55.664,-83.557,134.521
-0.420,-0.451,1.575,46.021,-75.195,118.225
-0.372,-0.494,1.639,33.630,-54.443,95.520
-0.357,-0.470,1.677,12.146,-11.414,79.956
-0.384,-0.285,1.888,-1.404,10.742,75.134
-0.468,0.052,2.195,-14.954,42.786,64.331
-0.501,0.136,2.210,-24.902,80.933,49.866
-0.527,0.179,2.115,-39.490,159.485,16.907
-0.486,0.113,1.595,-47.668,188.660,-0.977
-0.415,0.048,1.293,-61.218,203.674,-18.250
-0.334,-0.059,1.094,-98.206,195.740,-45.959
-0.265,-0.258,1.020,-101.929,186.768,-50.049
-0.165,-0.603,0.971,-91.553,183.105,-42.175
-0.106,-0.566,0.853,-77.332,183.044,-25.452
-0.043,-0.440,0.773,-69.458,171.814,1.953
0.022,-0.151,0.913,-73.547,163.574,6.226
0.037,-0.052,1.017,-75.500,161.194,4.822
0.086,-0.024,0.944,-82.214,171.936,-9.399
0.164,-0.102,0.734,-96.252,168.091,-16.235
0.280,-0.475,0.461,-102.234,154.663,-14.954
0.304,-0.435,0.451,-87.402,138.123,-3.113
0.334,-0.249,0.402,-23.132,111.633,16.907
0.413,0.110,0.253,-0.305,95.886,13.184
0.433,0.137,0.229,9.277,77.393,0.183
0.422,-0.011,0.289,1.282,39.978,-32.776
0.382,-0.252,0.466,-4.211,29.236,-37.659
0.320,-0.501,0.725,-7.568,27.039,-32.288
0.317,-0.420,0.764,-10.925,29.175,-21.973
0.327,-0.280,0.755,-22.095,35.095,-11.047
0.359,-0.191,0.662,-28.931,34.668,-12.634
0.359,-0.186,0.666,-33.264,31.067,-13.794
0.344,-0.169,0.717,-36.804,23.315,-12.451
0.325,-0.162,0.793,-35.767,23.315,-11.414
0.325,-0.120,0.790,-33.264,25.635,-9.521
0.328,0.016,0.743,-32.104,26.855,-7.568
0.326,0.187,0.692,-41.443,21.790,-20.447
0.306,0.463,0.597,-50.354,16.418,-37.598
0.287,0.590,0.503,-54.932,9.766,-60.486
0.284,0.748,0.334,-41.321,-16.724,-122.375
0.286,0.984,0.181,-29.968,-41.199,-165.466
0.178,1.222,0.169,-24.658,-68.115,-218.750
0.076,0.989,0.152,-22.888,-91.736,-273.743
-0.038,0.650,0.138,-3.479,-135.559,-346.680
-0.228,0.306,0.176,15.625,-154.114,-362.915
-0.327,0.112,0.150,26.184,-169.556,-376.526
-0.405,-0.319,0.221,4.333,-208.008,-384.155
-0.421,-0.861,0.428,0.732,-225.159,-359.131
-0.368,-1.503,0.885,18.311,-233.032,-311.279
-0.368,-1.239,0.988,51.514,-231.079,-252.319
-0.425,-0.756,1.019,90.088,-214.661,-183.594
-0.617,-0.077,1.088,82.520,-206.482,-186.890
-0.710,-0.008,1.129,64.697,-197.937,-204.102
-0.794,-0.088,1.130,29.968,-179.810,-244.324
-0.862,-0.233,1.093,19.775,-171.936,-256.714
-0.937,-0.695,0.984,9.399,-166.321,-262.085
-0.944,-0.998,1.040,0.244,-163.757,-256.775
-0.942,-1.231,1.177,-11.658,-152.466,-206.543
-0.928,-1.581,1.564,-21.667,-136.108,-168.701
-0.912,-1.729,1.680,-28.015,-109.558,-124.573
-0.646,1.346,1.313,-100.281,174.133,-5.798
-0.670,1.153,0.508,-122.803,219.788,-32.166
-0.633,0.876,-0.332,-165.161,201.477,-60.669
-0.404,0.729,-1.327,-184.448,144.226,-56.213
-0.223,0.622,-1.257,-195.618,74.585,-48.401
-0.035,0.375,-1.234,-134.766,-6.104,-20.020
0.171,-0.102,-1.377,-42.542,-11.658,9.766
0.445,-1.289,-2.287,76.904,-10.376,70.496
0.245,-1.056,-2.668,187.439,-25.452,164.124
-0.182,-0.232,-2.328,211.853,-138.245,318.970
-1.100,2.332,0.246,121.216,-185.120,326.843
-1.396,3.291,0.961,19.531,-184.021,274.292
-1.487,3.225,1.225,-47.363,-112.000,56.030
-1.412,2.417,1.378,-40.955,-71.167,-17.517
-1.261,1.605,1.098,-27.710,-26.611,-45.776
-1.238,1.837,0.755,-2.319,14.160,-57.068
-1.233,2.196,0.321,80.444,67.993,-116.150
-1.160,2.283,-0.522,112.671,72.327,-172.546
-1.085,1.988,-0.776,121.826,63.049,-231.506
-1.004,1.639,-0.947,86.731,19.592,-314.148
-0.913,1.331,-0.978,61.523,-9.277,-335.510
-0.651,0.752,-0.709,50.232,-33.875,-347.290
-0.496,0.527,-0.612,55.847,-48.645,-348.633
-0.360,0.374,-0.628,59.143,-64.758,-324.890
-0.033,-0.106,-0.071,29.724,-80.566,-298.584
0.133,-0.200,0.364,-6.897,-87.708,-257.141
0.247,-0.116,0.512,-23.254,-47.180,-168.030
0.310,0.027,0.369,-8.240,-23.743,-136.047
0.380,0.207,0.003,2.869,-13.611,-111.511
0.376,0.304,-0.019,1.892,-14.893,-91.003
0.353,0.394,-0.017,-19.775,-29.663,-62.744
0.305,0.540,0.123,-28.076,-38.818,-53.711
0.292,0.584,0.319,-32.043,-44.373,-46.631
0.285,0.638,0.445,-37.292,-26.489,-35.828
0.279,0.692,0.410,-39.917,-9.888,-34.363
0.266,0.750,-0.020,-45.105,1.099,-34.119
0.231,0.828,-0.287,-54.810,2.136,-33.264
0.196,0.854,-0.437,-79.224,-27.588,-35.217
0.230,0.601,-0.500,-89.844,-46.875,-33.936
0.253,0.377,-0.677,-98.694,-65.491,-25.452
0.283,0.140,-0.856,-106.812,-122.803,20.142
0.330,-0.128,-0.956,-95.276,-157.166,55.847
0.286,-0.454,-1.505,-74.951,-194.519,100.037
0.111,-0.453,-1.742,-53.528,-243.958,147.583
-0.148,-0.382,-1.641,-6.287,-364.563,238.831
-0.623,-0.005,-0.735,23.682,-408.203,274.719
-0.738,0.085,-0.272,53.711,-428.284,297.668
-0.808,0.109,0.032,86.670,-411.865,324.219
-0.865,0.226,0.398,84.045,-388.000,335.876
-0.865,1.135,1.470,73.303,-345.764,341.797
-0.819,1.579,1.498,73.853,-280.762,330.749
-0.802,1.845,1.200,73.669,-160.156,259.399
-0.867,1.948,0.246,58.899,-133.301,211.792
-0.888,1.708,-0.131,44.434,-130.676,161.926
-0.892,1.296,-0.272,20.081,-170.654,93.262
-0.882,0.838,-0.147,15.564,-190.552,89.905
-0.856,0.430,0.521,19.287,-196.228,102.905
-0.857,0.538,0.909,23.865,-185.791,121.460
-0.863,0.812,1.344,7.935,-122.192,143.005
-0.864,1.236,1.706,-0.916,-68.787,134.277
-0.887,1.305,1.742,-14.404,-12.695,115.784
-0.937,1.353,1.905,-65.430,97.534,66.589
-1.023,1.379,2.152,-99.426,163.818,37.964
-1.350,1.265,2.611,-142.212,239.624,7.324
-1.592,1.155,2.706,-189.514,323.181,-23.560
-1.879,1.014,2.494,-256.836,507.263,-88.013
-2.408,0.502,1.291,-281.067,585.388,-118.408
-2.624,0.349,0.326,-289.856,642.212,-138.550
-2.626,0.465,-1.186,-186.096,638.367,-159.424
-2.224,0.665,-2.604,-126.404,530.151,-176.392
-0.934,0.493,-2.752,-126.282,376.343,-186.829
-0.534,0.339,-1.772,-175.781,228.821,-179.321
-0.359,0.320,-0.762,-244.690,93.811,-127.808
-0.350,0.486,-0.125,-214.539,106.995,-102.417
-0.375,0.649,-0.331,-153.015,137.085,-80.933
-0.603,1.255,2.265,-6.958,159.058,11.597
-0.721,1.278,1.624,14.526,263.794,1.343
-0.766,1.579,-0.039,19.226,404.724,-21.973
-0.404,2.476,-3.927,-64.270,350.769,-80.261
0.163,0.860,-4.000,-150.574,206.299,-182.068
0.882,-1.869,-3.515,-83.801,-50.842,-162.598
1.261,-3.545,-3.154,32.471,-106.140,44.128
-0.107,-1.685,-2.244,123.779,-176.208,268.127
-1.155,0.099,-0.759,162.231,-256.470,416.504
-1.874,1.567,1.112,107.239,-319.519,417.908
-1.926,3.539,3.698,36.438,-248.535,319.702
-1.657,3.268,2.918,-15.625,-115.845,187.500
-1.349,2.383,2.077,34.424,55.847,-5.798
-1.078,1.627,1.240,64.758,90.088,-25.330
-0.772,1.829,-0.384,74.646,93.445,-22.644
-0.719,2.337,-0.798,71.289,75.256,-32.288
-0.708,2.590,-1.088,48.706,22.583,-127.075
-0.707,2.154,-1.229,43.640,-10.681,-187.134
-0.720,1.784,-0.989,38.330,-45.776,-235.046
-0.716,1.487,-0.426,27.222,-83.984,-283.569
-0.692,1.301,0.130,25.330,-63.171,-293.945
-0.606,1.081,-0.021,23.437,-31.006,-305.542
-0.481,0.740,-0.413,11.292,-14.221,-319.519
-0.266,0.240,-0.616,-82.397,-67.993,-310.791
0.135,-0.047,-0.261,-139.221,-109.924,-271.484
0.233,0.138,0.003,-164.246,-133.789,-226.257
0.296,0.308,0.094,-99.182,-113.281,-163.086
0.351,0.356,0.045,-46.997,-91.736,-142.090
0.432,0.266,0.036,-8.362,-74.097,-120.239
0.434,0.254,0.160,14.893,-61.096,-96.130
0.393,0.343,0.317,30.273,-38.818,-50.354
0.259,0.769,0.356,29.175,-27.100,-39.917
0.229,0.888,0.320,23.621,-19.165,-41.809
0.240,0.891,0.390,-0.366,-10.376,-62.317
0.270,0.835,0.406,-18.555,-0.061,-70.862
0.338,0.651,0.024,-40.955,7.690,-76.233
0.389,0.485,-0.131,-67.017,7.324,-77.332
0.448,0.322,-0.198,-106.812,-5.920,-56.641
0.458,0.348,-0.403,-105.347,-11.047,-38.391
0.425,0.424,-0.524,-90.149,-19.104,-23.254
0.406,0.400,-0.629,-69.336,-50.903,-2.747
0.393,0.270,-0.793,-79.956,-77.148,13.550
0.401,-0.173,-1.063,-95.825,-114.075,38.696
0.413,-0.375,-1.251,-103.088,-155.823,75.134
0.366,-0.481,-1.582,-81.970,-249.939,174.072
-0.035,-0.352,-1.686,-61.707,-308.167,225.708
-0.309,-0.190,-1.332,-37.415,-363.403,270.874
-0.547,-0.052,-0.867,29.724,-422.424,333.435
-0.721,0.059,-0.391,66.040,-421.204,352.844
-0.841,0.532,0.790,90.027,-401.489,365.112
-0.826,1.026,1.438,95.154,-360.962,368.469
-0.764,1.635,1.854,80.750,-219.727,324.829
-0.588,1.944,0.958,80.017,-145.020,273.499
-0.569,1.681,0.119,71.167,-103.210,221.069
-0.585,1.336,-0.423,31.250,-134.155,152.039
-0.623,1.030,-0.464,15.930,-169.128,141.113
-0.738,0.881,0.554,7.568,-186.462,141.785
-0.773,0.934,0.941,7.629,-175.598,145.569
-0.785,0.936,0.871,20.325,-110.413,145.996
-0.760,0.922,0.326,24.414,-94.421,144.653
-0.752,1.017,0.293,26.978,-92.346,141.724
-0.759,1.156,0.511,15.503,-94.238,117.859
-0.774,1.289,0.980,-1.953,-77.393,96.008
-0.780,1.222,1.691,-18.921,-37.048,70.801
-0.788,1.039,1.665,-35.461,18.127,47.546
-0.826,0.893,1.674,-81.726,123.535,18.494
-1.082,0.709,2.370,-115.906,179.626,8.911
-1.354,0.655,2.859,-155.579,253.418,1.770
-1.734,0.672,3.237,-226.868,466.370,-15.198
-2.212,0.707,3.258,-242.798,594.727,-34.912
-3.071,0.295,1.295,-240.295,710.876,-60.669
-3.116,0.048,-0.437,-217.895,780.518,-77.148
-2.761,0.047,-2.142,-133.118,690.918,-70.313
-1.288,0.562,-3.630,-89.111,531.616,-60.425
-0.718,0.936,-2.553,-73.059,338.867,-53.528
-0.536,-1.071,0.522,65.674,-97.107,217.651
-0.538,-0.340,0.859,102.112,-112.183,240.723
-0.532,0.360,1.498,107.666,-113.098,188.904
-0.457,0.895,2.109,92.407,-78.186,132.568
-0.048,2.465,2.385,91.614,-23.437,72.327
0.263,3.295,1.542,85.876,35.461,-9.155
0.411,3.202,0.598,28.625,26.428,-246.582
-0.157,1.138,0.199,17.883,-37.903,-327.942
-0.664,-0.051,0.126,24.536,-95.886,-363.770
-1.143,-1.760,0.099,-10.803,-176.941,-333.130
-1.682,-3.811,1.359,-30.151,-183.105,-246.948
-1.625,-3.524,1.354,-32.410,-138.306,-137.878
-1.470,-2.925,1.054,-19.897,-80.933,-36.865
-1.337,-2.346,1.065,30.212,-37.659,110.046
-1.240,-1.174,2.185,52.429,-22.766,162.292
-1.236,-0.431,2.930,59.082,16.418,196.838
-1.247,0.249,3.407,1.709,191.956,182.068
-1.301,0.446,2.926,-52.979,303.955,140.320
-1.251,0.135,2.090,-108.826,400.757,99.976
-1.097,-0.116,1.234,-172.791,482.483,65.308
-0.844,-0.173,0.519,-180.603,470.642,64.026
-0.294,0.409,-0.215,-165.344,434.570,59.143
-0.027,0.736,-0.370,-132.690,387.146,41.016
0.160,0.887,-0.374,-73.059,282.654,-33.630
0.388,0.587,-0.348,-57.861,244.141,-65.491
0.487,0.230,-0.684,-46.631,211.487,-83.313
0.582,-0.375,-0.890,10.620,92.896,-86.731
0.573,-0.868,-0.670,47.607,26.184,-58.655
0.234,-0.601,0.563,68.115,-12.756,-25.757
0.171,-0.265,0.823,65.125,-16.296,-8.362
0.137,-0.242,0.934,7.507,9.766,-31.677
0.059,-0.595,1.049,-24.597,26.245,-40.344
0.093,-0.732,0.862,-42.603,43.030,-38.330
0.143,-0.778,0.689,-26.184,44.067,-13.306
0.177,-0.685,0.667,-7.629,34.302,0.427
0.195,-0.455,0.890,0.000,26.245,7.324
0.172,-0.336,1.101,-8.972,23.254,8.545
0.166,-0.225,1.203,-63.965,44.128,-5.066
0.178,-0.177,1.229,-90.881,57.434,-15.930
0.192,0.013,1.200,-103.088,70.435,-24.109
0.219,0.342,1.101,-91.309,95.215,-56.519
0.274,0.747,0.920,-70.068,100.830,-89.539
0.434,1.408,0.168,-44.617,94.238,-135.071
0.431,1.599,-0.113,-22.278,69.824,-192.627
0.354,1.793,-0.250,10.193,-12.207,-334.473
-0.042,1.584,-0.451,11.902,-62.622,-410.278
-0.329,1.068,-0.405,6.897,-118.408,-475.098
-0.581,0.392,-0.308,11.414,-219.116,-530.212
-0.751,-0.252,-0.121,25.391,-254.639,-518.127
-0.956,-1.043,0.402,38.757,-273.560,-492.310
-1.007,-1.414,0.660,42.542,-278.442,-460.449
-1.040,-1.740,0.884,10.681,-262.512,-363.159
-1.152,-2.051,1.520,-7.263,-244.629,-299.500
-1.184,-1.825,1.779,-7.996,-211.365,-231.079
-1.194,-1.432,1.868,-5.127,-110.535,-131.592
-1.165,-1.084,1.808,-12.024,-58.777,-110.840
-0.994,-0.719,1.165,-17.883,-16.785,-100.342
-0.887,-0.613,0.819,-15.808,5.493,-93.689
-0.784,-0.516,0.584,9.033,-2.991,-89.294
-0.641,-0.567,0.537,16.052,-20.203,-91.553
-0.620,-0.753,0.685,13.855,-35.706,-92.102
-0.619,-1.011,0.827,-8.545,-40.039,-73.547
-0.628,-1.352,0.912,-27.954,-30.273,-49.072
-0.705,-2.367,0.824,-57.861,-16.541,-9.705
-0.811,-2.992,0.662,-100.037,-3.784,51.025
-0.996,-3.345,0.518,-195.801,7.751,251.648
-1.494,-3.191,0.162,-247.253,12.146,365.051
-1.799,-2.922,-0.174,-289.429,15.869,473.572
-2.135,-2.245,-0.589,-273.865,-11.536,679.993
-2.400,-1.174,-0.827,-218.018,-55.298,743.286
-2.388,1.312,0.020,-139.771,-102.417,755.371
-1.914,2.563,0.680,-49.744,-129.578,703.979
-1.228,3.238,1.092,-71.655,-104.797,404.724
-0.396,1.999,1.552,-190.796,-70.984,227.356
-0.355,0.557,1.530,-292.297,-28.564,96.375
-0.097,-1.936,-0.687,-36.377,-180.481,63.965
-0.318,-1.754,0.213,-52.795,-235.901,96.802
-0.486,-1.498,1.280,-53.101,-178.833,119.629
-0.353,-0.615,2.709,-42.053,-77.209,119.934
-0.220,0.448,3.564,-36.621,24.841,119.202
0.006,1.902,3.875,-79.346,237.610,34.119
0.208,2.998,3.354,-100.952,302.979,-95.581
-0.062,1.956,0.882,-89.905,315.002,-247.009
-0.474,0.701,-0.250,-41.016,281.799,-363.647
-0.823,-0.699,-1.568,51.392,164.185,-446.899
-1.126,-3.942,-2.325,44.373,78.247,-407.654
-1.114,-4.000,-1.605,28.442,11.963,-291.138
-0.970,-3.630,-1.053,38.330,-0.549,-13.245
-0.736,-2.602,-0.741,54.810,7.385,48.706
-0.231,-1.329,-0.212,66.528,2.136,62.073
-0.071,-1.152,0.150,66.345,-14.709,54.321
0.018,-1.062,0.462,32.959,-41.626,41.443
0.059,-0.913,0.815,8.118,-45.593,39.612
0.042,-0.951,0.947,-14.709,-44.922,36.621
0.020,-1.008,1.009,-31.799,-39.917,38.025
-0.014,-1.049,1.019,-23.987,-39.368,43.518
-0.066,-1.111,1.009,-10.742,-37.659,50.903
-0.078,-1.227,1.074,0.061,-34.302,57.922
-0.105,-1.421,1.222,0.244,-14.038,83.801
-0.196,-1.627,1.461,-10.925,9.888,110.229
-0.215,-1.460,1.310,-32.776,42.969,140.686
-0.215,-1.319,1.041,-99.854,98.633,171.204
-0.242,-1.409,0.867,-114.014,112.610,181.213
-0.333,-1.485,0.768,-100.464,125.977,205.078
-0.260,-1.030,0.641,-72.937,142.090,235.596
-0.106,-0.482,0.453,-59.326,155.640,235.901
0.131,-0.281,0.034,-61.768,147.888,201.660
0.195,-0.429,-0.080,-48.523,132.446,168.701
0.242,-0.465,-0.047,-0.854,96.191,130.371
0.293,-0.375,-0.018,6.653,84.961,110.352
0.370,-0.286,0.077,-1.892,78.857,85.388
0.400,-0.330,0.057,-22.217,79.956,60.425
0.425,-0.446,-0.006,-65.735,83.496,22.644
0.458,-0.694,-0.031,-73.059,79.224,16.174
0.481,-0.722,-0.051,-67.749,71.777,17.334
0.504,-0.733,-0.031,-39.001,46.265,24.963
0.515,-0.733,0.046,-25.146,34.058,29.297
0.531,-0.598,0.230,-14.893,26.550,32.349
0.548,-0.531,0.261,-10.315,22.888,30.640
0.556,-0.544,0.275,-14.038,16.235,15.320
0.529,-0.689,0.353,-17.090,13.123,10.132
0.513,-0.751,0.379,-20.447,11.658,8.911
0.491,-0.804,0.424,-32.593,10.986,13.855
0.467,-0.835,0.456,-40.955,12.878,19.226
0.412,-0.719,0.623,-47.668,16.418,24.780
0.407,-0.560,0.724,-52.490,25.513,27.344
0.405,-0.478,0.786,-72.815,56.641,10.071
0.341,-0.281,1.013,-84.656,80.444,-1.160
0.315,0.127,1.097,-89.172,113.342,-15.991
0.280,0.611,1.216,-89.783,198.242,-102.661
0.237,0.946,1.278,-96.924,242.432,-175.964
0.054,1.028,0.778,-99.731,272.156,-254.089
-0.103,0.793,0.368,-89.294,275.452,-329.163
-0.267,0.410,0.057,-34.363,218.201,-436.829
-0.448,-0.345,-0.269,-1.709,176.208,-458.618
-0.470,-0.663,-0.258,19.470,134.216,-462.952
-0.483,-0.992,-0.182,3.662,81.665,-440.796
-0.471,-1.326,-0.174,-20.020,74.158,-416.687
-0.393,-2.036,-0.398,-44.983,64.453,-386.536
-0.350,-2.344,-0.273,-53.894,50.903,-346.619
-0.300,-2.279,-0.090,-31.921,40.527,-223.816
-0.313,-1.508,0.362,-27.954,45.593,-177.429
-0.349,-1.215,0.411,-31.067,59.631,-154.358
-0.369,-0.983,0.322,-38.879,81.604,-148.743
-0.378,-0.848,0.147,-40.710,75.989,-157.471
-0.411,-0.995,-0.228,-40.955,60.425,-166.382
-0.429,-1.188,-0.401,-42.358,39.124,-169.739
-0.453,-1.427,-0.556,-58.777,-8.972,-151.489
-0.521,-1.986,-0.925,-73.364,-32.410,-126.770
-0.551,-2.196,-1.241,-88.562,-57.800,-87.952
-1.431,0.200,-4.000,-134.827,174.133,-30.823
-1.461,-0.496,-4.000,-206.909,-18.066,-14.832
-1.012,-0.970,-2.622,-221.497,-424.194,97.656
0.344,-0.699,1.451,-174.194,-408.813,146.851
0.472,-0.359,2.197,-75.195,-258.850,163.025
0.060,0.418,1.714,111.877,81.482,166.504
-0.566,1.425,0.717,132.080,143.982,149.353
-1.159,2.453,-0.317,110.779,135.498,114.380
-1.003,2.324,0.069,76.050,95.703,69.641
-0.765,1.852,0.541,29.968,79.834,-11.353
-0.573,0.635,0.143,20.264,112.061,-24.963
-0.585,0.441,-0.295,18.250,140.320,-16.357
-0.618,0.530,-0.627,32.654,156.372,8.423
-0.644,0.622,-0.881,38.696,148.804,7.385
-0.763,0.264,-2.005,28.259,124.695,8.484
-0.776,0.166,-2.259,2.991,69.275,22.217
-0.722,0.339,-1.879,-42.969,-69.763,58.350
-0.610,0.826,-0.701,-36.316,-97.778,52.551
-0.584,0.830,-0.465,-10.376,-93.628,29.846
-0.584,0.725,-0.516,56.641,-54.077,-20.020
-0.584,0.564,-0.641,91.370,-47.180,-34.058
-0.513,0.277,-0.572,122.620,-48.462,-37.415
-0.465,0.265,-0.447,141.968,-49.500,-31.006
-0.424,0.311,-0.330,136.902,-36.865,-7.874
-0.419,0.514,-0.181,121.887,-22.888,1.160
-0.502,0.642,-0.328,103.149,-4.700,5.493
-0.668,0.769,-0.785,78.613,15.503,-4.822
-0.913,0.926,-1.602,87.219,-12.024,-20.752
-1.360,0.907,-2.906,104.370,-85.022,-40.222
-1.450,0.925,-2.547,103.821,-191.406,-49.805
-1.439,1.279,-1.662,60.974,-353.943,-61.096
-1.148,1.872,-0.144,60.974,-358.398,-99.976
-0.919,1.625,0.031,69.336,-322.327,-154.419
-0.707,1.219,-0.075,66.895,-231.384,-230.530
-0.546,0.861,-0.305,62.744,-205.322,-245.178
-0.350,0.502,-0.514,51.086,-195.068,-249.023
-0.264,0.412,-0.396,31.616,-193.787,-246.704
-0.079,0.160,-0.142,13.489,-184.692,-232.422
0.212,-0.202,0.225,-0.732,-164.307,-203.613
0.294,-0.328,0.129,-15.076,-135.986,-170.471
0.396,-0.556,0.047,-11.414,-95.276,-93.445
0.449,-0.493,0.064,-34.058,-84.717,-36.499
0.296,0.499,0.107,-76.843,-73.669,7.019
0.173,0.847,-0.019,-115.234,-62.073,23.926
0.085,0.942,-0.175,-135.437,-56.458,9.644
0.095,0.146,-0.622,-133.118,-63.171,4.578
0.157,-0.479,-0.832,-143.738,-78.369,24.353
0.173,-0.727,-0.857,-189.026,-126.404,146.790
0.123,-0.289,-0.544,-185.486,-133.728,200.928
0.015,0.501,-0.316,-148.865,-113.037,211.670
-0.014,-0.411,-0.956,-90.027,-86.060,198.914
-0.119,-1.674,-1.660,-18.921,-132.507,296.631
-0.698,-2.112,-1.292,-12.817,-195.618,419.678
-0.963,-1.091,-0.225,18.188,-235.657,534.851
-1.072,0.149,0.741,161.743,-169.861,607.727
-1.053,1.100,1.152,206.665,-98.511,573.364
-0.972,2.038,0.842,200.745,-38.574,522.644
-0.995,2.200,0.558,160.278,4.944,465.454
-1.041,2.219,0.246,80.139,51.208,345.276
-1.132,1.918,0.061,45.288,53.284,290.710
-1.187,1.863,0.314,1.404,51.025,242.981
-1.259,1.943,0.679,-113.037,78.003,146.484
-1.335,2.072,1.083,-171.387,113.953,88.745
-1.523,2.133,1.925,-231.934,164.917,24.963
-1.650,1.937,2.129,-295.776,230.713,-41.199
-1.799,1.533,2.030,-414.185,375.915,-160.522
-2.279,1.349,1.222,-477.722,433.289,-204.163
-2.771,2.018,0.601,-492.737,477.539,-265.930
-3.210,1.896,-0.414,-332.275,502.869,-487.610
-3.344,0.909,-1.541,-294.983,447.266,-547.119
-2.633,-1.487,-3.232,-270.325,353.088,-546.631
-1.914,-2.326,-3.499,-223.694,232.422,-492.065
-1.171,-2.398,-3.002,-182.617,-15.930,-261.292
-0.325,-0.848,-0.777,-191.040,-75.378,-152.710
-0.236,-0.054,-0.073,-177.063,-66.406,-89.355
-2.105,3.771,-3.551,-111.206,388.550,168.640
-2.482,3.280,-4.000,-230.041,204.346,38.940
-2.398,1.910,-3.339,-286.926,-575.073,-137.634
-0.827,-0.567,2.165,-290.833,-667.725,-127.075
0.065,-1.340,4.000,-232.788,-510.071,-85.144
0.363,-1.213,4.000,53.162,64.514,58.044
-0.016,-0.195,2.458,153.137,231.506,115.723
-0.897,2.472,-0.386,151.611,251.404,129.333
-0.882,2.722,-0.452,83.191,186.340,92.102
-0.658,2.112,-0.021,-4.089,79.895,-35.400
-0.310,0.263,0.087,-16.968,83.557,-58.594
-0.305,-0.098,-0.272,-27.222,101.074,-41.687
-0.365,-0.041,-0.583,-33.508,112.488,34.546
-0.441,0.250,-0.737,-23.621,103.699,58.899
-0.568,0.741,-0.740,-11.108,93.018,66.711
-0.644,0.870,-0.880,-3.845,85.205,63.782
-0.708,0.952,-1.083,9.460,55.115,42.908
-0.728,0.835,-1.071,16.663,28.870,32.166
-0.723,0.793,-0.951,19.409,5.249,26.611
-0.719,0.808,-0.809,32.959,-23.071,20.081
-0.713,0.851,-0.676,46.997,-26.611,14.221
-0.705,0.990,-0.590,65.369,-25.208,5.432
-0.716,1.052,-0.643,85.327,-22.217,-7.080
-0.736,1.117,-0.744,101.685,-22.827,-39.856
-0.816,1.153,-0.994,91.736,-30.945,-58.228
-0.933,1.304,-1.275,73.853,-45.654,-74.707
-1.101,1.598,-1.477,51.758,-119.568,-122.864
-1.275,1.893,-1.416,53.955,-167.541,-165.649
-1.500,2.033,-1.049,54.810,-205.811,-218.079
-1.529,1.754,-1.085,46.448,-235.352,-272.034
-1.479,1.317,-1.071,-28.931,-312.195,-337.769
-1.079,0.714,-0.116,-88.013,-350.403,-336.792
-0.748,0.536,0.568,-130.066,-361.694,-324.829
-0.381,0.305,1.087,-123.108,-277.344,-294.495
-0.035,-0.010,1.259,-91.309,-200.684,-270.386
0.415,-0.614,0.624,-56.152,-126.465,-233.154
0.557,-0.730,0.173,-21.484,-72.266,-183.899
0.599,-0.626,-0.042,7.385,-38.086,-68.481
0.448,0.041,-0.176,5.310,-35.095,-23.315
0.394,0.316,-0.084,7.141,-35.706,4.089
0.347,0.649,0.120,-6.653,-30.151,26.733
0.281,0.965,0.153,-19.287,-15.930,16.968
0.226,0.948,-0.284,-26.306,-7.385,-1.465
0.217,0.851,-0.418,-34.180,-9.583,-14.526
0.205,0.841,-0.457,-60.852,-26.794,-20.447
0.203,0.870,-0.366,-72.327,-31.494,-22.217
0.191,0.867,-0.415,-80.994,-29.907,-24.658
0.170,0.860,-0.536,-79.224,-23.621,-30.945
0.152,0.833,-0.676,-71.167,-26.672,-33.752
0.143,0.722,-0.865,-67.078,-35.034,-34.424
0.149,0.627,-0.934,-72.937,-47.485,-32.104
0.162,0.462,-1.035,-118.347,-82.458,-13.123
0.243,-0.402,-1.296,-157.959,-107.849,13.489
0.307,-0.927,-1.226,-196.228,-139.587,62.866
0.335,-1.205,-0.906,-183.533,-186.035,219.910
0.271,-1.225,-0.668,-132.141,-179.810,297.546
-0.165,-0.804,-0.578,-57.007,-168.396,363.342
-0.452,-0.268,-0.479,20.203,-161.194,415.344
-0.681,0.372,-0.350,98.206,-155.579,453.247
-0.662,1.869,0.454,103.149,-149.231,432.861
-0.478,2.484,0.733,94.482,-122.925,385.193
-0.309,2.672,0.624,75.867,-29.236,230.957
-0.217,2.479,0.243,65.918,2.075,158.813
-0.209,1.698,-0.606,52.368,10.803,104.492
-0.218,1.233,-0.849,33.020,0.916,68.970
-0.209,0.816,-0.883,-13.245,-45.044,57.373
-0.184,0.430,-0.499,-22.827,-60.852,73.303
-0.190,0.397,-0.328,-17.090,-63.171,94.238
-0.213,0.415,-0.270,17.151,-43.579,135.986
-0.249,0.395,-0.328,32.959,-36.438,155.640
-0.341,0.227,-0.494,44.739,-38.452,177.856
-0.384,0.240,-0.404,53.101,-48.523,203.125
-0.423,0.420,-0.172,48.523,-62.988,247.070
-0.516,1.081,0.370,37.537,-53.589,253.174
-0.582,1.440,0.548,24.902,-32.959,244.507
-0.812,2.546,1.136,-73.425,111.816,87.158
-0.682,3.177,0.500,-65.125,133.545,30.212
-0.286,3.123,-0.866,-19.897,116.882,-151.428
0.564,1.306,-2.809,-30.212,20.447,-224.487
0.604,0.163,-2.239,-38.635,-111.755,-252.991
0.405,-0.962,-1.172,20.569,-291.321,-171.265
0.094,-2.014,-0.006,68.604,-316.101,-75.073
-0.585,-2.675,2.532,106.689,-303.589,42.297
-0.882,-1.793,2.966,130.432,-246.399,151.306
-1.023,-0.950,2.535,159.546,-99.670,226.807
-0.945,-0.256,1.418,148.499,-74.524,217.407
-0.860,-0.140,1.265,124.939,-74.402,207.214
-0.817,0.012,1.261,100.281,-76.538,211.548
-0.804,0.196,1.261,103.638,-68.237,216.980
-0.823,0.687,1.179,118.042,-58.167,217.346
-0.801,0.956,1.035,136.169,-48.462,204.712
-0.753,1.118,0.816,111.389,-51.331,131.470
-0.736,1.225,0.560,75.012,-65.491,82.642
-0.789,1.166,0.576,51.575,-79.895,35.278
-0.876,1.058,0.687,85.693,-92.651,-32.715
-0.983,0.937,0.944,120.605,-87.280,-54.016
-1.195,0.597,1.799,126.343,-73.303,-72.021
-1.316,0.476,2.402,108.276,-48.157,-83.130
-1.459,0.590,2.935,71.594,67.871,-89.722
-1.763,0.727,3.324,49.133,154.968,-106.934
-1.872,0.639,2.913,49.194,251.587,-126.587
-1.861,0.569,2.111,171.631,407.165,-139.526
-1.696,0.518,1.230,210.815,433.777,-136.414
-1.157,0.247,0.368,190.124,428.406,-134.155
-0.891,-0.055,0.309,121.033,408.813,-132.996
-0.643,-0.419,0.304,-21.301,369.873,-113.342
-0.194,-0.875,0.060,-34.302,354.797,-84.229
-0.005,-0.804,-0.164,-12.085,336.426,-44.739
0.157,-0.584,-0.368,71.289,273.682,26.978
0.279,-0.302,-0.459,87.219,229.675,43.701
0.383,0.133,-0.234,71.350,185.669,42.419
0.403,0.025,-0.046,34.485,147.095,26.306
0.396,-0.181,0.198,-45.593,91.858,0.366
0.339,-0.204,0.519,-64.331,80.017,1.465
0.348,-0.083,0.514,-67.810,74.646,2.991
0.366,-0.063,0.499,-87.524,57.251,-8.362
0.374,-0.106,0.556,-99.731,45.532,-12.085
0.377,-0.215,0.720,-101.013,36.560,-10.193
0.372,-0.177,0.784,-84.106,30.457,-1.282
0.352,-0.027,0.837,-40.161,25.024,19.043
0.287,0.291,0.923,-41.565,24.170,16.968
0.259,0.436,0.956,-58.411,23.376,7.324
0.228,0.579,0.991,-117.676,20.996,-29.663
0.208,0.641,1.001,-159.607,20.264,-54.138
0.235,0.528,0.942,-205.383,19.592,-74.524
0.221,0.609,0.941,-240.601,17.822,-86.121
0.167,0.954,0.979,-222.778,15.625,-108.032
0.098,1.611,0.629,-221.619,15.503,-152.039
0.141,1.329,0.406,-271.729,2.258,-218.323
0.214,0.790,0.263,-384.216,-61.768,-302.002
0.302,0.264,0.123,-340.515,-96.680,-289.795
0.441,-0.142,-0.218,-238.525,-129.456,-252.991
0.450,-0.062,-0.383,-121.338,-162.354,-210.754
0.385,0.116,-0.453,20.508,-241.089,-160.522
0.056,0.297,-0.193,24.475,-283.142,-158.936
-0.113,0.075,0.064,13.306,-319.763,-163.818
-0.215,-0.375,0.439,11.902,-363.708,-143.555
-0.255,-0.786,0.911,18.372,-361.145,-102.661
-0.282,-0.757,1.333,33.203,-339.722,-52.673
-0.332,-0.496,1.314,42.725,-311.951,-8.789
-0.409,-0.185,1.375,6.653,-270.142,38.147
-0.534,0.357,1.690,-21.057,-247.986,39.551
-0.552,0.498,1.754,-36.194,-219.177,29.297
-0.544,0.529,1.745,-29.968,-154.785,-6.104
-0.518,0.473,1.686,-28.381,-126.465,-20.142
-0.436,0.280,1.503,-34.485,-104.126,-27.344
-0.393,0.213,1.494,-43.152,-86.670,-27.161
-0.357,0.184,1.542,-47.852,-50.720,-12.634
-0.306,0.261,1.569,-35.767,-28.381,-3.540
-0.283,0.345,1.422,-19.165,-5.554,3.174
-1.649,4.000,-1.965,245.666,13.000,83.313
-1.543,3.091,-0.962,-94.971,-204.712,-194.458
-0.868,0.469,1.044,-329.407,-434.936,-455.872
0.329,-2.914,1.295,-168.518,-327.759,-331.726
0.310,-2.943,0.986,-36.072,-233.765,-152.588
-0.009,-2.339,1.510,4.761,-193.909,139.832
-0.656,-0.547,3.198,2.747,-155.273,208.496
-0.803,0.303,2.997,8.850,-81.665,219.360
-0.783,0.656,2.310,11.902,-14.160,178.528
-0.656,0.494,1.635,-20.447,18.799,64.941
-0.472,0.112,0.885,-42.236,8.423,48.035
-0.486,0.325,0.803,-56.091,-2.075,56.213
-0.552,0.737,0.762,-40.955,-7.751,71.350
-0.681,1.439,0.671,-25.146,-12.451,52.856
-0.697,1.541,0.653,-21.667,-23.254,18.494
-0.679,1.458,0.677,-63.354,-54.749,-65.125
-0.626,1.215,0.792,-89.111,-65.308,-99.365
-0.463,0.600,1.294,-101.562,-62.500,-121.216
-0.405,0.410,1.520,-93.994,-42.908,-128.235
-0.395,0.386,1.637,-48.828,32.593,-108.459
-0.524,0.803,1.493,-23.010,75.317,-100.769
-0.603,1.044,1.250,1.831,112.915,-107.239
-0.639,1.198,1.041,14.160,148.071,-152.710
-0.644,1.278,0.967,-14.038,148.926,-180.908
-0.618,1.135,1.202,-58.594,148.743,-212.036
-0.567,0.797,1.321,-100.281,155.334,-242.615
-0.495,0.442,1.292,-127.380,192.688,-260.559
-0.323,0.161,0.730,-114.502,211.304,-246.643
-0.199,0.131,0.342,-93.750,218.323,-229.126
-0.040,0.073,0.030,-76.538,184.753,-195.374
0.124,-0.010,-0.151,-84.106,152.649,-173.767
0.369,-0.029,-0.102,-85.327,120.361,-149.658
0.450,-0.042,0.089,-75.073,93.140,-127.502
0.503,-0.026,0.284,-28.320,69.519,-85.937
0.533,0.100,0.347,0.244,70.313,-67.017
0.520,0.219,0.263,19.409,70.129,-50.171
0.493,0.354,0.180,15.991,52.002,-31.738
0.473,0.441,0.187,-0.061,36.499,-31.372
0.474,0.412,0.385,-18.066,24.048,-33.081
0.478,0.350,0.439,-31.921,17.273,-33.325
0.471,0.350,0.414,-37.109,14.648,-22.522
0.409,0.506,0.179,-33.691,10.864,-17.822
0.380,0.546,0.051,-34.058,0.610,-17.212
0.354,0.602,-0.017,-44.434,-37.598,-19.714
0.317,0.675,-0.087,-49.988,-60.974,-24.231
0.202,0.730,-0.402,-59.143,-89.478,-30.884
0.106,0.776,-0.807,-68.909,-125.427,-36.987
-0.032,0.880,-1.298,-87.646,-251.221,-55.481
-0.387,0.717,-1.345,-96.985,-339.539,-69.214
-0.537,0.388,-0.823,-98.389,-419.678,-73.608
-0.639,0.070,-0.221,-42.114,-492.615,-30.640
-0.684,-0.087,0.297,13.855,-487.732,4.395
-0.664,0.119,1.041,55.237,-469.849,34.119
-0.639,0.365,1.328,65.002,-446.655,55.298
-0.623,0.592,1.451,66.650,-385.437,64.575
-0.644,0.749,1.445,68.237,-357.910,55.603
-0.655,0.777,1.533,59.509,-335.510,43.884
-0.656,0.709,1.627,29.480,-286.194,17.700
-0.662,0.591,1.697,19.836,-255.676,10.681
-0.726,0.359,1.623,16.235,-223.328,7.507
-0.767,0.225,1.572,16.052,-193.115,8.362
-0.795,0.127,1.605,27.222,-137.695,24.231
-0.800,0.069,1.863,35.950,-106.445,35.095
-0.781,0.024,2.067,37.354,-71.228,45.166
-0.758,-0.004,2.230,22.949,20.203,68.115
-0.741,0.031,2.280,22.583,73.364,77.454
-0.723,-0.088,2.367,29.053,127.075,82.458
-0.739,-0.390,2.304,43.396,182.983,89.416
-0.789,-0.711,2.130,42.908,285.400,145.447
-0.976,-1.050,1.683,20.081,323.914,194.214
-1.107,-1.064,1.365,7.568,354.736,250.305
-1.245,-0.904,0.876,47.119,379.333,369.995
-1.350,-0.544,0.315,78.979,357.117,413.696
-1.349,0.626,-0.414,114.563,313.293,433.044
-1.223,1.423,-0.621,144.958,255.981,423.279
0.068,-0.577,4.000,480.652,-329.651,51.025
0.091,0.424,4.000,325.561,-121.582,42.114
-0.148,0.601,3.439,-245.483,418.884,-87.036
-0.434,-0.471,-0.918,-308.655,485.290,-130.432
-0.365,-0.608,-2.315,-205.749,401.550,-136.292
-0.258,-0.870,-2.537,54.993,98.816,-150.574
-0.255,-1.160,-1.900,117.249,0.916,-152.161
-0.412,-1.249,-0.619,133.179,-37.354,-146.240
-0.464,-1.130,-0.473,116.150,-38.879,-139.221
-0.471,-1.084,-0.545,54.016,-30.029,-142.822
-0.434,-1.464,-0.420,33.875,-44.495,-144.348
-0.434,-1.754,0.075,27.588,-64.758,-136.414
-0.413,-2.022,0.858,33.813,-48.889,-86.121
-0.346,-2.266,1.673,4.822,12.817,-44.250
-0.309,-2.755,1.975,-54.993,97.290,7.935
-0.453,-2.778,1.348,-120.544,178.284,69.519
-0.628,-2.444,0.696,-135.254,255.554,186.523
-0.597,-1.398,-0.010,-93.384,251.221,214.783
-0.464,-1.272,-0.052,-66.956,226.318,220.520
-0.334,-1.353,-0.048,-60.669,170.776,224.915
-0.214,-1.409,-0.097,-52.734,147.339,236.938
-0.111,-1.142,0.080,-41.199,125.427,249.023
-0.136,-0.814,0.211,-32.410,115.417,256.470
-0.112,-0.404,0.103,-32.104,130.859,236.511
0.134,-0.056,-0.301,-48.035,125.916,206.238
0.253,-0.192,-0.362,-61.096,107.605,172.913
0.345,-0.429,-0.286,-44.312,58.777,128.113
0.423,-0.667,-0.176,-29.907,39.734,125.000
0.444,-0.811,0.090,-19.897,24.109,131.104
0.398,-0.736,0.300,-14.771,15.930,138.794
0.346,-0.565,0.430,-11.719,33.752,137.695
0.372,-0.327,0.275,-26.917,45.410,122.437
0.426,-0.488,0.148,-54.321,47.424,102.356
0.462,-0.733,0.069,-72.754,34.729,83.252
0.480,-0.917,0.056,-51.331,28.259,90.454
0.480,-0.726,0.306,-26.062,25.513,102.112
0.491,-0.570,0.412,-13.367,27.710,106.628
0.484,-0.489,0.489,-39.307,38.452,93.201
0.427,-0.110,0.604,-66.406,49.561,80.872
0.402,0.139,0.619,-94.910,64.514,58.350
0.358,0.444,0.698,-142.273,95.825,-26.489
0.313,0.614,0.762,-170.105,112.671,-86.914
0.165,0.657,1.056,-195.251,131.531,-146.118
0.053,0.889,1.019,-212.097,159.546,-203.186
-0.027,0.984,0.664,-234.009,191.772,-337.402
-0.242,0.375,0.047,-227.173,165.955,-398.804
-0.357,-0.213,0.014,-195.801,125.488,-441.406
-0.437,-0.721,0.113,-104.309,68.970,-450.989
-0.428,-1.073,0.083,-98.511,56.091,-434.143
-0.232,-1.714,0.045,-110.229,37.964,-413.269
-0.134,-1.857,0.039,-113.342,20.325,-381.775
-0.103,-1.775,0.142,-89.905,-9.583,-299.194
-0.147,-1.568,0.403,-77.454,-10.742,-269.836
-0.164,-1.543,0.343,-65.002,-3.967,-247.253
-0.190,-1.544,0.236,-54.260,-3.174,-204.224
-0.245,-1.541,0.132,-49.561,-11.047,-182.617
-0.402,-1.351,0.056,-36.072,-20.264,-164.124
-0.433,-1.236,0.029,-17.700,-27.832,-151.306
-0.424,-1.259,-0.008,-12.146,-53.406,-134.338
-0.420,-1.634,0.028,-23.132,-71.533,-118.103
-0.437,-1.803,0.012,-32.104,-86.609,-93.384
-0.452,-1.898,-0.043,-42.725,-109.192,-27.283
-0.456,-1.941,-0.156,-58.228,-122.437,11.169
-0.530,-2.183,-0.595,-87.280,-142.151,53.833
-0.661,-2.358,-0.890,-120.911,-171.204,104.797
-0.842,-2.414,-1.120,-166.199,-267.029,237.488
-1.199,-2.127,-0.901,-189.087,-328.186,305.786
-1.360,-1.959,-0.510,-216.858,-382.080,367.126
-1.533,-1.848,0.101,-188.354,-415.955,474.915
-1.680,-1.683,0.808,-83.252,-376.648,515.198
-1.606,-0.243,2.081,39.063,-314.209,529.785
-1.263,0.820,2.580,100.708,-239.014,500.427
-0.835,1.475,2.626,-31.311,-65.002,320.129
-0.262,1.038,1.323,-139.954,1.831,219.421
-0.152,0.295,0.614,-212.463,29.724,141.418
