aX,aY,aZ,gX,gY,gZ
-1.432,1.354,3.564,214.722,-149.414,312.317
-1.807,3.317,4.000,199.219,85.327,191.101
-2.059,4.000,3.908,-36.438,222.534,-63.843
-1.555,1.883,0.893,-333.923,270.996,-344.543
-0.907,-0.879,-0.798,-489.136,237.122,-501.160
-0.257,-3.140,-1.709,-173.462,50.842,-352.417
0.114,-3.877,-0.275,76.172,-35.278,-180.176
-0.028,-3.296,0.699,208.130,-74.158,-43.640
-0.131,-2.674,1.201,140.198,-46.265,62.134
-0.141,-2.036,1.252,63.416,-15.930,64.270
0.008,-0.983,0.618,3.601,3.662,54.810
0.045,-0.656,0.497,-34.729,2.380,46.814
0.022,-0.360,0.613,-24.414,-22.949,54.321
-0.144,0.281,0.946,5.432,-26.489,58.716
-0.227,0.431,1.033,28.015,-24.292,52.612
-0.282,0.428,1.064,35.278,-19.165,17.822
-0.302,0.333,1.055,28.259,-19.836,1.404
-0.284,0.154,0.914,20.630,-23.254,-10.498
-0.270,0.069,0.893,16.418,-29.297,-19.226
-0.255,-0.036,0.955,19.592,-37.109,-29.236
-0.220,-0.189,1.046,23.865,-34.302,-29.419
-0.208,-0.187,1.044,28.503,-29.358,-26.917
-0.205,-0.132,0.999,37.476,-20.630,-23.315
-0.214,-0.061,0.950,35.950,-20.691,-27.100
-0.264,-0.051,0.941,31.860,-21.729,-34.546
-0.291,-0.157,0.981,27.954,-22.827,-42.725
-0.321,-0.300,1.067,29.480,-20.935,-48.828
-0.398,-0.564,1.342,32.227,-14.221,-45.532
-0.437,-0.629,1.388,35.339,-0.671,-38.818
-0.465,-0.662,1.379,29.175,26.306,-22.156
-0.500,-0.696,1.500,20.752,38.147,-14.526
-0.564,-0.627,1.645,19.470,56.580,-9.216
-0.552,-0.580,1.655,22.766,76.660,-7.263
-0.529,-0.538,1.644,15.625,113.098,-5.005
-0.472,-0.482,1.704,3.845,130.615,-4.395
-0.436,-0.452,1.641,-9.705,150.269,-4.211
-0.394,-0.400,1.481,-48.889,183.105,-5.432
-0.351,-0.319,1.292,-72.388,190.491,-9.094
-0.220,-0.369,0.940,-91.125,191.345,-14.221
-0.141,-0.481,0.859,-101.990,185.242,-15.076
-0.081,-0.516,0.878,-110.840,169.312,1.038
-0.032,-0.284,0.848,-106.079,167.236,7.751
-0.002,-0.166,0.755,-98.999,164.734,8.057
0.040,-0.109,0.707,-91.736,143.738,-1.770
0.081,-0.125,0.719,-79.956,130.493,-5.554
0.130,-0.214,0.790,-68.726,120.056,-7.385
0.157,-0.284,0.836,-62.744,113.892,-8.423
0.187,-0.332,0.845,-58.777,111.633,-2.441
0.221,-0.185,0.785,-56.580,111.084,2.136
0.244,-0.137,0.728,-54.443,109.253,2.869
0.263,-0.104,0.673,-51.697,98.511,-1.282
0.276,-0.065,0.641,-48.157,90.515,-5.371
0.311,-0.099,0.673,-43.701,82.092,-10.254
0.336,-0.197,0.724,-38.635,75.012,-13.611
0.361,-0.285,0.764,-31.982,68.481,-7.080
0.391,-0.309,0.746,-32.532,67.261,1.038
0.387,-0.223,0.732,-33.386,65.002,9.277
0.382,-0.124,0.734,-34.058,58.594,14.404
0.383,-0.077,0.744,-36.865,55.786,12.329
0.384,-0.027,0.743,-42.480,53.711,9.827
0.385,-0.012,0.726,-49.377,52.124,7.324
0.385,0.016,0.718,-54.504,49.744,3.540
0.368,0.144,0.635,-52.368,48.279,0.854
0.351,0.247,0.565,-49.500,44.067,-4.150
0.334,0.332,0.530,-51.575,26.733,-25.574
0.314,0.401,0.523,-55.359,18.188,-41.138
0.275,0.372,0.494,-58.044,10.559,-57.495
0.244,0.375,0.469,-52.734,3.418,-71.228
0.205,0.465,0.395,-17.029,-12.939,-97.107
0.104,0.834,0.175,-2.747,-26.123,-117.432
0.037,1.007,0.094,3.845,-43.335,-147.217
-0.020,1.015,0.094,-12.817,-86.182,-229.614
-0.057,0.787,0.161,-33.203,-106.262,-264.465
-0.046,-0.033,0.333,-46.753,-121.216,-282.166
-0.021,-0.267,0.389,-43.213,-130.737,-280.396
0.001,-0.321,0.455,2.136,-140.320,-249.145
0.033,-0.293,0.647,17.639,-143.066,-234.253
0.030,-0.250,0.799,20.752,-145.264,-222.717
0.025,-0.297,0.943,-0.549,-141.235,-208.740
0.003,-0.347,1.024,-7.690,-135.986,-200.623
-0.109,-0.198,0.932,-6.287,-131.226,-195.068
-0.177,-0.128,0.824,-1.221,-130.554,-195.190
-0.224,-0.226,0.819,8.362,-143.616,-204.529
-0.222,-0.812,1.119,13.184,-147.644,-199.951
-0.205,-1.017,1.253,17.029,-145.142,-183.472
-0.215,-0.987,1.282,20.630,-125.122,-135.010
-0.253,-0.763,1.183,19.653,-115.540,-121.460
-0.363,-0.439,0.905,16.663,-111.938,-119.202
-0.400,-0.507,0.871,15.137,-113.892,-122.620
-0.394,-0.804,0.952,8.118,-122.925,-120.850
-0.318,-1.518,1.330,3.052,-121.399,-99.609
-0.314,-1.607,1.405,5.188,-110.474,-64.880
-0.334,-1.569,1.397,7.690,-75.806,12.756
-0.353,-1.598,1.387,-4.517,-59.875,50.659
-0.419,-1.593,1.464,-14.954,-43.457,92.773
-0.482,-1.308,1.430,-19.775,-24.231,133.972
-0.534,-0.941,1.315,-37.048,14.709,175.232
-0.501,-0.706,0.942,-55.420,27.527,173.157
-0.431,-0.959,0.802,-75.500,32.471,169.739
-0.382,-1.275,0.701,-90.210,23.071,204.773
-0.391,-1.425,0.659,-76.050,13.062,243.896
-0.585,-0.894,0.878,-50.842,4.272,283.630
-0.681,-0.303,1.036,-20.569,1.282,310.242
-0.701,0.220,1.096,-10.620,8.240,287.598
-0.529,0.424,1.130,-42.358,11.597,247.437
-0.409,0.077,1.073,-76.355,16.541,207.947
-0.336,-0.267,0.991,-93.567,22.705,184.082
-0.333,-0.368,0.944,-73.059,21.912,195.129
-0.403,0.050,0.911,-44.678,18.982,204.712
-0.419,0.334,0.952,-21.423,12.634,204.956
-0.410,0.550,1.047,-10.498,-1.404,172.119
-0.325,0.548,1.200,-20.447,-2.808,145.752
-0.272,0.381,1.204,-32.104,0.000,121.826
-0.231,0.211,1.179,-40.222,9.827,100.098
-0.213,0.137,1.154,-33.142,13.977,100.464
-0.218,0.334,1.059,-22.278,17.151,100.342
-0.210,0.471,0.999,-13.428,17.822,94.482
-0.188,0.513,0.960,-7.751,11.230,65.613
-0.136,0.342,0.977,-7.385,6.958,50.171
-0.112,0.220,0.986,-4.883,4.395,38.574
-0.097,0.132,0.980,9.888,1.892,29.480
-0.089,0.083,0.995,16.785,0.183,29.053
-0.098,0.122,1.036,20.569,-0.427,28.503
-0.100,0.164,1.015,20.447,0.122,25.330
-0.096,0.191,1.012,9.277,0.305,10.071
-0.084,0.121,0.993,1.038,0.854,-0.183
-0.074,0.031,0.948,-4.028,1.221,-9.155
-0.062,-0.053,0.925,5.676,-2.014,-16.052
-0.050,-0.114,0.943,13.916,-3.723,-14.526
-0.042,-0.176,1.005,18.738,-4.211,-11.902
-0.045,-0.195,1.006,21.362,-3.357,-8.972
-0.051,-0.194,1.000,19.165,-1.648,-4.211
-0.071,-0.126,0.983,13.123,-1.282,-4.639
-0.071,-0.134,0.980,6.104,-1.404,-8.240
-0.062,-0.195,1.004,-3.113,-1.587,-15.625
-0.053,-0.261,1.027,-2.991,0.183,-15.015
-0.040,-0.323,1.016,0.122,2.258,-12.024
-0.032,-0.324,1.011,4.578,3.601,-7.385
-0.028,-0.288,1.012,10.742,5.310,2.136
-0.029,-0.168,0.997,11.597,5.676,3.479
-0.024,-0.141,1.005,10.803,5.310,1.709
-0.015,-0.155,1.009,4.883,5.188,-5.127
-0.007,-0.187,0.991,1.404,5.310,-6.775
-0.007,-0.217,0.949,-1.587,4.639,-7.019
-0.008,-0.207,0.936,-3.296,3.540,-6.775
-0.006,-0.201,0.923,-3.357,0.854,-6.958
0.001,-0.221,0.933,-4.395,-1.343,-6.653
-0.002,-0.219,0.965,-6.287,-3.296,-5.676
-0.007,-0.207,0.992,-3.906,-3.357,-4.272
-0.009,-0.203,1.001,3.235,-2.014,-3.845
-0.447,-3.743,0.591,9.094,-70.801,223.755
-0.815,-3.044,0.880,22.766,-86.243,343.323
-1.113,-1.494,1.127,-33.691,-78.796,473.755
-0.833,0.633,1.243,-95.093,-50.842,424.744
-0.484,0.434,1.361,-158.447,-15.747,338.074
-0.277,0.205,1.625,-88.074,54.382,264.221
-0.230,0.665,1.692,83.740,86.670,278.564
-0.138,3.637,1.242,278.564,98.083,264.099
0.050,4.000,1.290,380.554,87.036,163.330
0.134,4.000,1.308,194.702,74.829,-232.727
-0.185,1.384,0.304,91.492,74.951,-381.531
-0.321,-0.853,-0.502,56.824,58.350,-439.880
-0.356,-2.885,-0.689,83.862,-44.067,-327.759
-0.367,-4.000,-0.102,73.181,-71.899,-218.933
-0.346,-3.720,0.754,36.316,-52.795,-124.268
-0.208,-3.174,0.311,8.728,-8.911,-56.152
-0.047,-2.477,-0.158,76.172,8.789,36.194
0.163,-0.869,0.185,144.775,-21.118,57.312
0.236,-0.426,0.568,190.674,-45.105,56.763
0.270,-0.194,0.765,191.956,-53.589,27.649
0.249,-0.047,0.867,182.129,-52.917,7.202
0.135,0.091,1.124,170.227,-47.974,-17.212
0.073,0.012,1.185,145.081,-35.034,-43.640
0.021,-0.180,1.069,107.361,1.770,-89.294
0.047,-1.001,0.396,96.436,5.066,-99.915
0.058,-1.347,0.288,92.224,-10.986,-94.604
0.019,-1.446,0.411,138.062,-48.584,-44.006
-0.022,-1.315,0.609,166.260,-50.293,-14.648
-0.073,-0.827,0.932,156.128,-45.898,-6.958
-0.091,-0.998,1.032,102.356,-35.217,-20.630
-0.098,-1.169,0.934,-8.240,4.883,-26.794
-0.123,-1.288,0.677,-30.518,14.893,-16.907
-0.151,-1.342,0.769,-37.109,16.968,-4.211
-0.192,-1.414,0.991,-44.678,31.433,23.682
-0.227,-1.469,1.177,-55.054,52.185,37.231
-0.242,-1.584,1.218,-61.707,76.721,51.147
-0.227,-1.588,1.125,-57.251,100.037,68.054
-0.200,-1.527,1.011,-31.311,129.700,105.164
-0.135,-1.318,0.866,-26.367,134.705,120.056
-0.097,-1.180,0.801,-28.442,136.841,131.897
-0.049,-1.028,0.741,-37.109,137.268,145.874
0.003,-0.881,0.686,-40.649,138.489,148.132
0.122,-0.669,0.492,-40.466,139.954,148.437
0.181,-0.547,0.374,-31.555,139.282,147.644
0.242,-0.418,0.266,-9.766,124.756,131.165
0.338,-0.377,0.229,-8.972,112.244,114.563
0.365,-0.416,0.239,-11.475,101.196,99.060
0.385,-0.466,0.252,-19.592,84.717,75.195
0.410,-0.517,0.254,-28.809,79.590,65.979
0.456,-0.569,0.156,-37.354,75.623,58.228
0.474,-0.548,0.079,-38.757,71.594,51.514
0.491,-0.526,0.013,-25.391,56.030,37.781
0.521,-0.613,-0.023,-18.127,44.067,31.128
0.523,-0.688,0.073,-11.475,31.067,26.794
0.520,-0.732,0.204,0.732,16.235,26.062
0.517,-0.758,0.331,3.235,15.747,26.794
0.523,-0.773,0.501,0.671,19.409,27.466
0.539,-0.779,0.454,-8.362,25.696,27.710
0.553,-0.779,0.375,-21.973,29.968,29.907
0.572,-0.732,0.301,-18.250,27.222,32.227
0.580,-0.704,0.299,-10.742,23.743,34.058
0.570,-0.689,0.335,-0.061,15.503,36.133
0.570,-0.665,0.408,2.380,13.855,37.354
0.574,-0.605,0.445,-1.892,16.174,34.424
0.565,-0.633,0.376,-9.521,19.226,30.090
0.562,-0.512,0.382,-11.719,17.578,31.738
0.575,-0.388,0.350,-13.672,18.005,24.231
0.580,-0.417,0.323,-10.925,16.907,15.320
0.583,-0.394,0.328,-6.958,12.024,4.272
0.587,-0.402,0.372,-16.479,10.437,-4.150
0.589,-0.574,0.413,-24.658,10.376,-10.376
0.585,-0.605,0.410,-26.794,10.132,-10.986
0.576,-0.587,0.455,-28.687,7.507,-6.409
0.564,-0.579,0.486,-32.898,9.338,-6.958
0.560,-0.605,0.448,-35.645,11.841,-8.545
0.550,-0.620,0.419,-32.227,13.184,-10.010
0.535,-0.617,0.430,-28.076,12.756,-10.559
0.500,-0.633,0.521,-24.658,14.343,-11.963
0.490,-0.669,0.521,-24.536,18.127,-13.306
0.480,-0.669,0.496,-34.363,25.330,-12.024
0.449,-0.561,0.453,-40.710,27.649,-12.512
0.426,-0.512,0.434,-46.936,29.846,-15.564
0.398,-0.480,0.465,-57.678,33.691,-26.123
0.370,-0.455,0.518,-60.059,38.696,-31.799
0.319,-0.330,0.529,-61.401,44.739,-38.086
0.293,-0.222,0.555,-63.171,49.683,-46.509
0.272,-0.090,0.622,-66.528,61.707,-75.623
0.257,0.230,0.748,-68.481,71.716,-99.182
0.240,0.368,0.790,-70.740,82.458,-130.493
0.208,0.415,0.811,-71.594,101.074,-209.045
0.091,0.243,0.816,-66.284,108.826,-246.338
0.023,0.115,0.752,-56.580,118.530,-277.954
-0.033,-0.014,0.597,-46.021,129.028,-304.626
-0.074,-0.213,0.405,-42.847,128.601,-346.130
-0.015,-0.973,0.024,-47.852,113.708,-352.905
0.054,-1.303,0.024,-36.377,91.736,-343.140
0.111,-1.424,0.094,38.513,58.655,-286.804
0.121,-1.254,0.350,61.646,48.950,-260.376
0.069,-1.163,0.500,60.547,44.189,-242.493
-0.001,-1.088,0.559,46.204,47.546,-231.812
-0.073,-1.048,0.517,13.489,65.857,-224.915
-0.156,-1.309,0.156,-1.648,70.129,-221.924
-0.185,-1.479,-0.020,-8.484,65.063,-212.585
-0.219,-1.586,-0.072,15.503,36.072,-177.979
-0.292,-1.516,0.124,33.997,22.766,-159.119
-0.330,-1.396,0.280,41.748,14.771,-144.409
-0.353,-1.314,0.383,23.560,24.902,-132.263
-0.369,-1.320,0.358,6.897,38.513,-128.784
-0.343,-1.497,0.030,-10.010,48.950,-121.948
-0.312,-1.615,-0.186,-26.245,51.453,-112.122
-0.291,-1.645,-0.264,-37.842,26.917,-80.505
-0.286,-1.571,-0.233,-28.870,12.878,-63.049
-0.291,-1.508,-0.230,-12.085,0.610,-46.387
-0.299,-1.426,-0.248,13.428,-25.085,-17.700
-0.303,-1.383,-0.264,11.169,-40.771,-6.531
-0.299,-1.389,-0.205,6.165,-55.420,4.517
-0.287,-1.433,-0.224,-0.854,-65.857,16.602
-0.281,-1.504,-0.277,-34.973,-82.397,49.377
-0.319,-1.623,-0.579,-54.932,-90.698,71.411
-0.367,-1.664,-0.755,-68.726,-105.774,95.886
-0.433,-1.588,-0.854,-39.612,-161.316,149.414
-0.511,-1.365,-0.838,-12.573,-197.632,168.518
-0.614,-0.948,-0.089,1.404,-229.553,176.147
-0.573,-0.961,0.330,-8.118,-242.432,174.866
-0.501,-1.066,0.555,-69.092,-208.191,175.354
-0.423,-1.045,0.506,-96.802,-181.458,183.289
-0.438,-0.915,0.452,-114.746,-160.522,190.674
-0.449,-0.769,0.415,-92.590,-132.751,191.772
-0.430,-0.673,0.326,-70.190,-133.423,184.998
-0.407,-0.419,0.707,-47.729,-143.738,173.401
-0.362,-0.340,1.037,-30.640,-146.179,154.663
-0.285,-0.380,1.275,-39.856,-112.122,109.497
-0.123,-0.680,1.377,-62.500,-85.693,93.018
-0.077,-0.814,1.227,-86.182,-58.472,84.351
-0.055,-0.862,1.020,-94.971,-23.376,86.670
-0.046,-0.801,0.856,-75.562,-23.254,90.698
-0.039,-0.463,0.995,-49.072,-27.771,90.088
-0.020,-0.339,1.103,-30.151,-27.893,82.214
0.012,-0.327,1.126,-21.301,-14.526,51.819
0.064,-0.440,1.038,-19.043,-7.263,37.903
0.081,-0.512,0.967,-19.226,-1.465,26.367
0.098,-0.602,0.865,-19.775,6.531,11.597
0.113,-0.688,0.760,-16.174,6.165,10.376
0.126,-0.735,0.653,-10.254,2.869,11.780
0.121,-0.696,0.668,-2.502,-1.465,13.306
0.119,-0.650,0.722,12.146,-5.310,10.498
0.116,-0.659,0.831,7.202,-2.808,6.104
0.121,-0.730,0.786,-5.005,2.808,1.404
0.129,-0.791,0.672,-14.465,13.062,-1.709
0.133,-0.795,0.552,-10.376,11.169,-0.977
-0.613,-0.105,2.426,-0.610,167.603,106.812
-0.668,-0.007,2.080,-26.611,222.778,127.319
-0.706,0.191,1.759,-90.515,296.326,156.250
-0.731,0.701,0.677,-116.150,316.406,158.203
-0.654,0.968,-0.027,-142.761,314.270,146.729
-0.470,1.358,-0.554,-179.321,244.385,84.961
-0.217,1.872,-0.954,-163.147,211.121,35.278
0.440,2.061,-2.942,-123.108,178.345,-22.949
0.762,1.937,-3.961,-79.468,114.502,-68.481
0.874,1.745,-4.000,-30.701,-199.829,-92.957
-0.083,0.557,-2.629,-28.992,-391.296,-69.336
-0.823,-0.453,0.333,-34.485,-519.226,-20.142
-1.318,-0.747,3.318,-20.447,-403.625,152.832
-1.554,0.205,4.000,29.724,-201.416,192.932
-1.496,1.931,3.026,50.354,-45.044,142.944
-1.194,1.308,2.392,-2.319,6.287,42.542
-0.801,0.292,2.350,-135.071,4.517,-56.213
-0.135,-0.387,1.636,-109.070,39.124,-22.827
0.045,0.120,0.747,-50.171,78.674,28.137
0.129,0.681,-0.008,-2.747,82.031,66.895
0.140,0.963,-0.383,-22.278,52.124,54.199
0.034,0.903,-0.226,-43.518,21.667,39.856
-0.031,0.809,-0.073,-50.598,-0.366,32.410
-0.086,0.794,0.033,-24.048,-21.362,41.077
-0.165,0.999,0.124,-4.028,-25.208,48.584
-0.199,1.127,0.122,11.719,-28.503,51.941
-0.226,1.221,0.142,27.893,-39.978,43.396
-0.235,1.268,0.275,29.297,-43.945,35.461
-0.243,1.433,0.538,31.128,-40.161,26.245
-0.240,1.474,0.488,37.476,-31.372,12.878
-0.240,1.453,0.419,40.527,-21.423,-17.151
-0.273,1.366,0.431,39.307,-21.484,-28.748
-0.302,1.341,0.511,41.931,-21.912,-37.964
-0.340,1.355,0.620,56.885,-15.564,-51.575
-0.386,1.396,0.738,67.749,-6.836,-58.228
-0.479,1.603,0.925,77.087,5.615,-66.589
-0.497,1.725,0.967,84.045,20.447,-80.200
-0.484,1.720,1.003,78.674,49.133,-126.221
-0.411,1.345,1.005,66.528,62.866,-149.963
-0.352,1.059,0.962,54.077,75.928,-169.006
-0.292,0.835,0.889,22.400,97.107,-181.580
-0.230,0.704,0.815,4.211,103.455,-181.335
-0.110,0.562,0.574,-13.428,107.178,-180.298
-0.060,0.517,0.421,-27.222,105.713,-178.528
-0.000,0.402,0.339,-32.776,84.106,-172.119
0.153,0.074,0.525,-29.907,71.960,-160.583
0.208,0.027,0.667,-24.719,66.589,-141.357
0.238,0.078,0.700,-4.517,76.599,-97.961
0.255,0.188,0.587,1.160,80.750,-83.130
0.284,0.449,0.203,-3.601,75.928,-76.477
0.313,0.452,0.171,-16.479,61.401,-76.965
0.346,0.407,0.268,-36.072,29.968,-74.341
0.392,0.356,0.545,-33.936,24.414,-66.284
0.391,0.424,0.541,-22.034,27.771,-55.359
0.389,0.526,0.369,20.813,40.405,-40.771
0.397,0.601,0.144,35.034,35.400,-39.673
0.449,0.603,0.001,36.072,23.071,-40.466
0.456,0.533,0.082,27.710,10.681,-41.199
0.467,0.448,0.219,28.992,-4.822,-31.128
0.453,0.478,0.451,32.776,-3.052,-21.545
0.436,0.616,0.387,29.907,3.723,-13.916
0.423,0.706,0.297,-3.662,-0.488,-12.756
0.399,0.730,0.277,-25.391,-12.024,-14.893
0.336,0.656,0.396,-37.170,-21.423,-16.235
0.304,0.660,0.440,-38.879,-25.818,-14.404
0.269,0.730,0.427,-34.912,-26.184,-11.658
0.219,0.796,0.397,-34.485,-28.137,-16.907
0.199,0.777,0.378,-36.133,-31.738,-23.804
0.188,0.699,0.365,-37.781,-42.847,-35.522
0.185,0.606,0.356,-32.532,-47.485,-37.231
0.171,0.493,0.164,-25.269,-52.429,-37.170
0.160,0.460,0.019,-22.827,-60.791,-35.278
0.144,0.482,-0.128,-19.470,-91.675,-26.611
0.119,0.516,-0.463,-9.216,-114.624,-24.231
0.113,0.537,-0.681,2.502,-144.165,-22.583
0.093,0.596,-0.869,24.719,-228.699,-21.240
0.045,0.638,-0.954,36.438,-279.846,-22.644
-0.119,0.522,-0.295,45.654,-327.820,-22.583
-0.141,0.322,0.590,46.936,-358.826,-18.799
-0.074,0.176,1.433,50.293,-316.772,10.681
0.086,0.462,1.484,69.336,-258.484,27.832
0.087,0.762,0.948,82.397,-210.266,34.302
0.039,0.983,0.508,50.171,-195.435,8.057
-0.030,0.989,0.378,25.391,-213.684,-12.024
-0.144,0.431,0.891,10.803,-229.370,-21.606
-0.194,0.189,1.257,9.949,-232.361,-14.771
-0.253,0.115,1.528,31.433,-196.533,28.748
-0.393,0.450,1.520,41.565,-169.373,47.058
-0.452,0.686,1.450,45.959,-147.400,54.138
-0.492,0.865,1.462,35.278,-117.310,35.645
-0.506,0.927,1.490,27.832,-102.600,16.541
-0.482,0.755,1.475,19.531,-88.074,-2.625
-0.459,0.633,1.392,14.893,-74.402,-16.846
-0.432,0.537,1.275,30.029,-55.481,-27.283
-0.370,0.440,1.170,41.321,-51.086,-25.452
-0.344,0.454,1.147,49.561,-47.363,-21.790
-0.321,0.465,1.123,50.842,-40.588,-20.630
-0.297,0.444,1.118,45.776,-37.537,-22.766
-0.257,0.318,1.152,40.955,-33.386,-24.231
-0.246,0.238,1.166,38.086,-27.954,-24.109
-0.238,0.158,1.192,46.814,-14.221,-18.066
-0.237,0.022,1.241,56.641,-5.493,-12.573
-0.251,-0.041,1.229,68.237,4.333,-6.897
-0.264,-0.150,1.253,77.698,23.193,8.972
-0.280,-0.274,1.336,64.209,35.706,27.100
-0.346,-0.469,1.648,39.612,53.711,51.208
-0.398,-0.503,1.646,13.611,79.346,78.613
-0.450,-0.473,1.369,-9.521,128.784,134.338
-0.501,-0.209,0.778,-14.404,132.263,159.729
-0.519,0.095,0.792,-21.545,123.474,179.382
-0.517,0.345,0.941,-19.287,111.816,175.049
-0.499,0.415,1.118,-17.090,118.958,162.598
-0.498,0.319,1.285,-11.230,134.033,155.640
-0.509,0.283,1.193,3.662,153.015,155.884
-0.516,0.323,1.007,11.108,177.307,171.997
-0.494,0.667,0.603,9.155,177.185,177.856
-0.448,0.959,0.414,20.020,169.250,176.636
-0.375,1.203,0.342,38.391,130.920,140.930
-0.295,1.208,0.491,27.100,112.488,111.816
-0.230,0.711,0.854,11.780,104.675,90.027
-0.236,0.557,0.878,-0.244,104.980,83.435
-0.256,0.687,0.771,14.038,108.337,98.633
-0.201,1.178,0.415,35.156,99.243,93.384
-0.134,1.148,0.483,44.678,80.566,76.721
-0.096,0.997,0.652,27.344,48.767,47.119
-0.082,0.824,0.753,18.555,42.786,40.283
-0.077,0.671,0.689,12.268,38.513,37.720
-0.076,0.692,0.679,7.690,32.593,36.438
-0.071,0.725,0.694,4.700,19.165,28.076
-0.052,0.702,0.688,3.479,12.573,20.996
-0.042,0.648,0.739,-0.244,5.188,14.099
-0.036,0.576,0.805,-7.019,-3.479,4.761
-0.034,0.506,0.824,-5.493,-5.066,3.479
-0.039,0.447,0.915,-2.869,-7.507,3.784
-0.051,0.452,1.005,-2.502,-8.301,4.150
-0.064,0.447,1.020,-4.700,0.183,2.930
-0.076,0.414,0.864,-5.188,3.418,2.319
-0.071,0.405,0.833,-2.563,2.380,2.197
-0.066,0.396,0.885,7.812,-4.089,2.075
-0.066,0.384,0.943,9.888,-3.662,2.319
-0.059,0.378,0.929,8.484,-2.380,2.625
-0.043,0.393,0.923,5.005,-1.892,2.869
-0.024,0.399,0.926,-0.916,-1.282,0.305
0.004,0.353,0.924,-2.625,-0.671,-1.465
0.006,0.326,0.923,-2.319,0.000,-2.380
0.001,0.325,0.913,-0.061,0.671,-1.160
-0.006,0.348,0.894,-3.174,-0.366,-0.732
-0.017,0.379,0.859,-7.507,-2.380,-0.916
-0.015,0.384,0.871,-10.437,-4.761,-1.282
-0.010,0.377,0.901,-10.376,-6.836,-1.587
-0.090,-0.163,1.588,-34.668,109.863,109.070
-0.097,0.404,1.208,-33.997,142.883,115.601
0.005,0.872,0.507,-0.977,186.340,40.771
0.536,1.035,-1.793,19.470,169.312,-14.343
0.696,1.025,-2.711,40.771,98.816,-57.129
0.658,0.923,-2.592,93.018,-184.448,-111.023
0.427,0.620,-1.570,121.399,-305.420,-120.178
-0.281,-0.782,1.176,132.812,-370.728,-111.633
-0.559,-1.398,2.600,116.028,-379.150,-80.078
-0.735,-1.401,3.616,61.829,-229.248,12.268
-0.807,-0.517,3.274,37.354,-113.403,26.306
-0.736,-0.493,2.498,2.808,-19.775,14.526
-0.620,-0.681,1.817,-27.161,53.772,-3.174
-0.476,-0.833,1.335,-2.502,49.866,9.094
-0.189,-0.654,0.972,26.184,35.767,28.015
-0.089,-0.436,0.937,40.405,22.461,43.457
-0.011,-0.262,0.881,26.184,10.986,49.133
0.063,0.016,0.794,13.489,7.324,44.556
0.061,0.095,0.766,0.366,3.723,36.377
0.046,0.091,0.722,-20.386,-4.517,13.916
0.028,0.021,0.659,-20.752,-12.085,5.920
-0.010,-0.129,0.681,-15.381,-22.949,2.686
-0.033,-0.155,0.796,-7.080,-34.302,3.418
-0.059,-0.150,0.958,8.606,-46.570,8.911
-0.108,-0.079,1.322,10.559,-44.434,10.559
-0.128,-0.035,1.459,9.216,-36.133,10.315
-0.146,-0.012,1.539,2.563,-7.507,4.456
-0.159,-0.041,1.599,-2.258,8.911,1.526
-0.177,-0.140,1.751,-4.944,26.733,1.526
-0.180,-0.168,1.807,-3.662,46.875,3.540
-0.171,-0.263,1.846,-4.639,91.248,10.681
-0.165,-0.494,1.956,-11.414,114.014,21.545
-0.185,-0.434,1.945,-17.944,138.794,38.208
-0.206,-0.248,1.831,-30.029,188.416,61.035
-0.213,-0.017,1.637,-41.992,207.764,53.833
-0.126,0.165,1.066,-59.753,220.642,33.264
-0.039,-0.043,0.870,-80.627,222.961,9.094
0.043,-0.354,0.837,-93.567,205.322,-2.808
0.159,-0.460,0.961,-75.623,198.608,15.198
0.198,-0.155,0.866,-48.950,197.937,34.912
0.239,0.153,0.677,-29.602,192.444,33.936
0.288,0.307,0.490,-43.274,179.993,14.771
0.378,0.190,0.181,-55.176,161.560,-5.188
0.424,-0.025,0.125,-59.753,137.878,-20.264
0.417,-0.178,0.162,-35.889,91.797,-18.921
0.385,0.092,0.061,-4.639,78.003,-10.254
0.445,0.278,-0.010,23.560,62.683,-9.521
0.508,0.306,0.004,28.137,17.517,-27.649
0.516,0.052,0.181,1.526,-6.470,-35.461
0.425,-0.203,0.654,-7.690,-15.564,-28.015
0.409,0.014,0.645,-0.854,-9.216,-17.273
0.415,0.084,0.667,-21.057,-3.235,-27.039
0.409,-0.056,0.684,-37.781,-6.592,-34.058
0.389,-0.158,0.750,-47.485,-12.512,-37.720
0.365,-0.216,0.817,-36.987,-15.686,-32.471
0.352,-0.260,0.879,-25.269,-12.878,-28.259
0.356,-0.304,1.014,-15.259,-9.094,-23.743
0.357,-0.260,1.041,-8.667,-4.761,-19.165
0.354,-0.203,1.025,-6.287,4.150,-15.991
0.357,-0.213,0.961,-9.216,6.958,-17.151
0.367,-0.217,0.975,-12.573,8.423,-17.273
0.382,-0.212,0.972,-8.789,13.916,-15.137
0.398,-0.188,0.933,-4.272,16.357,-13.062
0.409,-0.059,0.873,-0.610,17.578,-12.329
0.409,-0.029,0.845,2.563,18.616,-14.343
0.408,-0.029,0.809,3.418,19.958,-20.935
0.394,-0.004,0.688,1.770,19.409,-23.315
0.384,0.026,0.621,-0.183,17.395,-26.001
0.375,0.061,0.557,-3.662,9.155,-34.729
0.364,0.122,0.501,-6.714,3.052,-41.199
0.330,0.335,0.425,-11.475,-4.211,-51.147
0.320,0.441,0.391,-16.052,-12.756,-65.552
0.313,0.557,0.340,-18.799,-36.133,-105.286
0.302,0.827,0.091,-20.569,-53.772,-131.775
0.293,0.901,-0.046,-23.193,-78.491,-163.086
0.239,0.910,-0.120,-27.649,-148.376,-230.286
0.132,0.824,-0.035,-26.489,-185.059,-261.414
-0.100,0.125,0.566,-22.400,-211.792,-284.851
-0.114,-0.421,0.928,-16.724,-223.877,-293.030
-0.051,-0.863,1.296,1.343,-206.726,-246.948
0.117,-0.999,1.691,14.404,-178.284,-206.787
0.139,-0.753,1.692,23.804,-143.921,-170.532
0.111,-0.436,1.576,25.085,-82.703,-140.930
0.050,-0.222,1.362,16.724,-65.613,-147.827
-0.079,-0.367,0.969,4.639,-62.134,-155.823
-0.151,-0.612,0.909,-5.310,-69.641,-156.799
-0.205,-0.890,0.971,-3.418,-94.177,-132.019
-0.265,-1.067,1.261,7.568,-100.098,-106.445
-0.284,-0.935,1.399,16.724,-98.450,-79.834
-0.295,-0.761,1.483,13.977,-72.754,-50.232
-0.291,-0.652,1.510,3.662,-53.711,-47.729
-0.260,-0.688,1.443,-6.836,-33.936,-47.546
-0.230,-0.765,1.346,-13.245,-15.991,-45.593
-0.201,-0.798,1.253,-9.399,4.517,-26.306
-0.156,-0.580,1.084,0.061,8.362,-14.648
-0.133,-0.491,1.035,6.226,8.850,-7.690
-0.114,-0.469,1.030,0.854,5.188,-3.784
-0.098,-0.487,1.047,-4.517,4.883,-1.953
-0.085,-0.441,1.064,-7.751,6.958,0.854
-0.082,-0.358,1.004,-7.935,10.864,2.136
-0.072,-0.304,0.923,-10.071,14.404,-3.723
-0.050,-0.381,0.805,-14.954,11.719,-7.324
-0.044,-0.500,0.771,-20.325,6.897,-8.057
-0.044,-0.609,0.759,-24.475,-5.615,4.456
-0.050,-0.676,0.756,-23.743,-10.681,15.564
-0.067,-0.921,0.854,-26.306,-14.038,28.442
-0.087,-1.196,0.995,-33.325,-13.977,45.349
-0.132,-1.444,1.132,-41.931,5.981,104.309
-0.285,-1.428,0.906,-37.415,22.522,141.541
-0.354,-1.381,0.652,-38.818,31.738,177.246
-0.421,-1.412,0.490,-64.026,16.663,246.948
-0.495,-1.359,0.427,-68.359,1.343,281.555
-0.600,-0.544,0.612,-62.317,-14.648,307.556
-0.577,0.023,0.888,-43.152,-24.963,314.819
-0.478,0.281,1.074,-17.273,-12.268,265.564
-0.305,0.306,1.212,-32.654,1.160,236.389
-0.250,0.323,1.158,-44.373,15.503,211.914
-0.199,0.323,1.046,-42.847,29.175,175.171
-0.157,0.376,0.957,-34.485,24.597,162.415
-0.080,0.538,0.915,-17.212,16.052,150.085
-0.050,0.589,0.985,2.075,5.188,137.573
-0.027,0.621,1.111,17.090,-11.719,110.779
0.007,0.646,1.252,16.418,-11.963,94.604
0.019,0.622,1.210,14.221,-8.789,76.965
0.019,0.544,1.148,2.136,-6.042,45.532
0.009,0.411,1.128,-2.075,-6.226,35.950
-0.018,0.207,1.138,0.488,-4.578,31.067
-0.022,0.179,1.099,7.812,-1.709,28.748
-0.019,0.207,1.062,20.386,0.244,24.292
-0.019,0.208,1.005,20.569,-0.427,18.127
-0.026,0.124,0.992,16.357,-1.770,10.010
-0.032,0.011,0.991,7.629,-3.479,-1.648
-0.039,-0.086,1.003,5.859,-3.052,-2.136
-0.049,-0.108,0.993,6.287,-1.892,-1.038
-0.046,-0.098,0.976,7.202,-1.038,-0.793
-0.042,-0.078,0.964,4.211,-2.197,-4.333
-0.021,-0.122,0.947,0.427,-3.662,-7.996
-0.013,-0.190,0.957,-3.967,-5.432,-10.132
-0.007,-0.231,0.978,-7.874,-7.507,-5.981
-0.003,-0.216,1.010,-4.578,-6.836,-2.808
0.007,-0.167,1.021,-0.122,-5.188,-1.038
0.015,-0.150,1.011,2.075,-3.723,0.061
0.021,-0.117,1.019,-1.465,-2.136,-0.305
0.027,-0.096,1.015,-4.333,-0.549,-3.784
0.034,-0.168,0.983,-5.554,0.732,-7.568
0.039,-0.222,0.960,-3.113,-1.099,-5.005
0.040,-0.168,0.997,-1.770,-3.052,-1.221
0.038,-0.134,1.026,-1.221,-3.662,0.427
0.034,-0.141,1.022,-0.671,-2.686,-0.183
0.030,-0.166,0.985,1.648,-1.099,-0.427
-0.271,-1.995,1.177,-1.831,-22.156,168.274
-0.332,-1.823,1.267,-19.287,-12.085,217.163
-0.372,-1.561,1.276,-84.534,24.841,293.823
-0.387,-0.694,0.943,-104.736,44.250,312.378
-0.359,-0.215,0.781,-110.901,57.983,312.866
-0.305,0.287,0.686,-71.350,73.853,265.137
-0.225,0.782,0.577,-5.920,71.594,224.976
0.064,2.143,0.550,101.807,67.993,186.279
0.532,3.237,0.245,226.807,71.228,139.404
0.721,3.925,-0.072,206.299,21.179,-132.446
0.373,3.431,-0.071,139.465,-19.775,-289.185
-0.021,2.975,0.125,95.642,-59.082,-403.686
-0.469,1.975,0.125,-4.089,-128.418,-543.579
-1.093,-2.341,0.098,-75.073,-170.044,-540.466
-1.140,-3.821,0.731,-101.379,-208.557,-453.613
-1.108,-3.839,1.592,-53.894,-216.003,-309.021
-1.074,-2.848,2.084,62.256,-97.961,-84.473
-0.994,-1.635,1.384,42.053,-27.222,-57.800
-0.897,-1.762,0.808,9.644,12.695,-56.030
-0.742,-1.854,0.494,34.302,1.709,-32.410
-0.396,-1.362,0.814,62.012,-17.578,-12.329
-0.242,-1.050,1.005,72.510,-24.414,0.061
-0.119,-0.829,1.039,64.087,-18.250,2.747
-0.043,-0.682,0.963,21.179,-1.160,-6.775
-0.010,-0.539,0.755,5.859,-1.160,-13.977
-0.025,-0.537,0.736,-0.366,-7.812,-21.606
-0.057,-0.596,0.790,2.930,-24.780,-33.752
-0.145,-0.839,0.963,5.981,-28.137,-35.156
-0.184,-1.028,1.065,5.249,-27.466,-31.250
-0.217,-1.158,1.167,-6.226,-12.146,-2.808
-0.240,-1.154,1.219,-14.160,1.648,15.320
-0.271,-0.851,1.193,-20.264,17.090,28.381
-0.269,-0.717,1.107,-21.118,32.837,33.264
-0.249,-0.689,1.004,-15.747,51.147,28.320
-0.217,-0.862,0.987,-11.047,51.697,29.297
-0.214,-0.929,1.050,-3.296,51.636,36.133
-0.210,-0.977,1.118,5.493,61.035,60.913
-0.204,-1.022,1.184,1.831,71.472,77.271
-0.203,-1.026,1.287,-4.089,84.778,96.375
-0.208,-0.937,1.299,-10.681,100.647,115.784
-0.203,-0.829,1.267,-28.931,135.986,141.968
-0.153,-0.728,1.036,-42.297,151.123,148.254
-0.118,-0.731,0.876,-57.495,161.194,153.076
-0.077,-0.757,0.737,-80.322,162.537,163.757
-0.029,-0.722,0.638,-78.308,157.410,169.678
0.070,-0.240,0.549,-68.970,151.611,169.434
0.140,0.020,0.502,-56.274,147.522,154.846
0.238,0.107,0.350,-38.879,134.644,92.773
0.380,-0.020,0.200,-40.771,115.723,63.660
0.407,-0.198,0.255,-42.969,94.666,40.710
0.421,-0.366,0.336,-28.381,63.477,21.240
0.426,-0.442,0.402,-13.489,54.687,21.118
0.422,-0.341,0.499,0.122,49.133,20.935
0.421,-0.238,0.509,6.775,45.959,16.052
0.424,-0.252,0.492,-15.137,37.476,-8.362
0.416,-0.594,0.529,-28.687,30.945,-16.357
0.410,-0.756,0.610,-30.334,25.635,-15.564
0.413,-0.816,0.672,-3.784,25.452,6.897
0.421,-0.769,0.694,5.127,27.161,19.348
0.430,-0.518,0.712,4.517,28.015,26.855
0.438,-0.424,0.745,-2.747,28.625,28.015
0.456,-0.395,0.756,-18.433,32.166,17.151
0.501,-0.543,0.737,-21.484,32.532,12.268
0.513,-0.638,0.761,-21.179,31.677,12.451
0.521,-0.647,0.797,-11.414,32.593,26.855
0.529,-0.572,0.811,-7.690,34.485,33.142
0.539,-0.350,0.834,-7.935,36.255,34.485
0.543,-0.280,0.805,-11.475,38.513,29.846
0.553,-0.295,0.726,-22.949,39.612,11.230
0.564,-0.517,0.544,-23.499,35.706,6.958
0.560,-0.562,0.510,-16.113,29.053,10.010
0.552,-0.487,0.546,4.333,15.747,23.315
0.541,-0.346,0.605,4.517,14.221,22.522
0.528,-0.259,0.580,-2.930,14.832,15.991
0.518,-0.272,0.560,-11.353,14.282,8.484
0.507,-0.271,0.543,-18.555,10.376,-3.174
0.470,-0.193,0.573,-20.081,7.507,-8.240
0.446,-0.171,0.605,-21.790,5.859,-15.198
0.427,-0.214,0.619,-21.912,5.371,-30.090
0.410,-0.232,0.650,-16.785,5.249,-33.752
0.368,-0.000,0.723,-11.108,8.057,-39.673
0.345,0.154,0.677,-10.437,13.367,-52.551
0.322,0.287,0.613,-25.452,16.785,-98.389
0.269,0.536,0.508,-32.837,12.512,-127.808
0.238,0.644,0.462,-37.476,4.395,-160.645
0.203,0.704,0.457,-39.124,-21.362,-231.995
0.159,0.717,0.505,-33.997,-33.264,-267.822
0.031,0.522,0.591,-28.564,-41.626,-302.551
-0.042,0.275,0.605,-24.658,-47.607,-332.703
-0.096,-0.090,0.604,-17.700,-54.687,-363.831
-0.068,-0.952,0.524,-13.306,-58.228,-357.361
-0.016,-1.250,0.548,-7.690,-65.002,-334.656
0.031,-1.404,0.623,9.338,-77.576,-260.437
0.056,-1.393,0.760,17.395,-76.843,-222.534
-0.009,-0.927,0.974,21.057,-68.481,-193.909
-0.107,-0.723,0.960,14.893,-55.908,-180.115
-0.219,-0.678,0.893,-15.320,-37.720,-188.110
-0.388,-0.901,0.665,-21.301,-36.194,-194.763
-0.428,-1.047,0.571,-17.883,-41.016,-195.984
-0.448,-1.192,0.549,-11.658,-62.134,-178.833
-0.463,-1.349,0.610,-12.085,-70.007,-161.987
-0.454,-1.599,0.870,-7.935,-70.679,-140.808
-0.441,-1.514,0.961,0.854,-63.782,-115.967
-0.433,-1.327,0.989,5.310,-36.987,-76.782
-0.428,-1.111,0.780,-3.906,-23.071,-68.848
-0.424,-1.207,0.598,-17.944,-13.916,-64.880
-0.425,-1.417,0.431,-43.823,-18.005,-43.884
-0.436,-1.709,0.300,-53.223,-30.151,-17.029
-0.513,-2.481,0.251,-61.646,-47.180,26.245
-0.602,-2.793,0.331,-68.726,-65.491,88.440
-0.729,-2.848,0.380,-78.064,-94.849,254.517
-0.999,-1.981,0.438,-80.139,-104.248,334.412
-1.064,-1.291,0.443,-82.458,-106.018,391.296
-1.039,-0.702,0.496,-105.957,-93.628,410.217
-0.932,-0.413,0.562,-140.381,-82.947,388.489
-0.742,-0.479,0.611,-178.467,-76.843,370.850
-0.722,-0.374,0.786,-196.594,-74.341,364.441
-0.696,-0.161,0.953,-162.109,-47.913,345.642
-0.561,0.696,1.286,-124.939,-23.621,317.139
-0.378,0.909,1.150,-93.140,6.470,266.785
-0.181,0.746,0.916,-97.595,25.574,154.602
-0.057,0.436,0.808,-100.342,11.475,124.878
-0.014,0.074,0.979,-83.435,-1.831,110.535
-0.017,0.073,1.077,-54.749,-8.423,103.577
-0.008,0.122,1.151,-9.460,-8.118,91.125
0.029,0.211,1.146,-3.296,-5.432,82.275
0.038,0.270,1.116,-6.287,-3.906,71.594
0.048,0.309,1.065,-15.747,-2.258,40.161
0.060,0.297,1.007,-16.785,-3.357,22.217
0.071,0.082,0.939,-15.381,-6.165,6.836
0.065,-0.062,0.928,-10.864,-10.010,-3.052
0.062,-0.188,0.973,4.944,-16.663,-4.944
0.061,-0.270,1.082,11.353,-14.771,-0.244
0.055,-0.215,1.056,14.038,-10.071,4.089
0.046,-0.144,0.986,8.789,-4.150,1.526
0.037,-0.083,0.914,4.272,-6.165,-6.409
0.036,-0.186,0.906,0.183,-9.644,-15.564
0.035,-0.296,0.934,-3.235,-12.390,-21.301
0.032,-0.373,0.935,-4.456,-13.428,-18.738
0.027,-0.359,0.881,-1.587,-14.038,-14.465
0.030,-0.312,0.868,2.319,-16.113,-11.658
0.040,-0.320,0.901,8.484,-21.240,-12.573
0.050,-0.386,0.985,9.094,-20.569,-11.169
0.049,-0.420,1.121,8.118,-16.052,-7.507
0.046,-0.372,1.114,5.066,-9.155,-4.517
0.043,-0.332,1.074,-3.967,2.075,-6.470
0.043,-0.320,0.994,-6.348,4.761,-10.498
0.049,-0.374,0.948,-6.653,5.920,-14.771
0.054,-0.432,0.912,-1.953,2.502,-15.625
0.057,-0.478,0.895,2.075,-0.977,-12.146
-1.136,1.318,3.029,-51.270,103.760,70.007
-1.348,1.458,2.467,-81.543,247.009,8.240
-1.370,1.365,1.991,-86.243,279.419,-28.931
-1.145,0.893,1.605,-90.698,310.364,-54.138
-1.048,0.684,1.111,-92.529,348.328,-66.223
-0.941,0.648,0.322,-77.637,403.320,-77.332
-0.817,0.835,-1.843,-38.940,423.706,-104.065
-0.002,0.446,-3.178,78.552,483.520,-156.128
0.646,-0.116,-4.000,97.839,192.383,-119.690
0.654,-0.084,-3.921,37.048,-233.398,-49.561
0.469,-0.398,-1.762,81.970,-502.197,22.644
0.196,0.388,-0.899,117.981,-537.354,113.525
-0.089,0.682,-0.673,47.546,-329.712,165.527
-0.962,1.232,0.596,-26.062,-309.937,170.166
-1.297,1.473,1.828,-69.885,-315.796,158.447
-1.389,1.467,2.937,-72.632,-217.834,78.491
-1.304,1.228,3.335,-53.040,-116.760,43.884
-1.062,1.034,2.210,-25.757,-29.358,25.024
-0.911,1.075,1.487,3.296,19.897,9.155
-0.708,0.998,1.046,23.560,24.597,-23.865
-0.346,0.759,0.864,12.939,15.930,-26.062
-0.215,0.761,0.776,6.470,14.221,-20.691
-0.112,0.810,0.578,9.338,17.151,-10.315
-0.039,0.866,0.345,5.920,9.338,-6.714
0.023,0.876,0.138,-0.427,-5.493,-3.479
0.023,0.812,0.183,-5.615,-22.339,0.671
0.001,0.765,0.281,-2.625,-45.044,17.395
-0.084,0.840,0.585,2.747,-47.119,27.161
-0.134,0.972,0.620,8.423,-42.297,34.180
-0.167,1.070,0.528,19.653,-32.471,28.564
-0.178,1.076,0.395,16.785,-36.682,20.569
-0.197,0.955,0.314,9.888,-46.143,14.771
-0.217,0.876,0.343,7.507,-56.396,12.573
-0.235,0.792,0.358,27.771,-72.144,20.386
-0.291,0.744,0.476,39.490,-78.003,29.907
-0.341,0.815,0.655,45.166,-80.750,38.940
-0.395,0.932,0.926,42.297,-64.209,41.687
-0.444,1.084,1.206,42.236,-38.574,33.264
-0.512,1.446,1.252,45.105,-4.761,18.433
-0.535,1.569,1.013,47.119,28.137,-2.563
-0.556,1.607,0.780,38.391,60.486,-56.396
-0.565,1.464,0.887,29.541,62.622,-82.947
-0.555,1.354,1.173,20.996,69.153,-104.492
-0.542,1.287,1.350,18.860,122.131,-130.981
-0.529,1.282,1.234,24.048,156.555,-142.334
-0.456,1.216,0.454,22.522,176.697,-157.166
-0.385,1.094,0.091,7.385,174.377,-174.377
-0.274,0.930,-0.101,-38.696,112.915,-200.806
-0.032,0.514,0.219,-50.171,78.979,-200.989
0.038,0.411,0.381,-48.889,60.181,-188.843
0.090,0.406,0.378,-12.390,52.307,-148.499
0.138,0.454,0.291,3.479,47.119,-131.775
0.214,0.507,0.269,7.996,38.513,-119.995
0.237,0.469,0.371,3.357,29.663,-111.694
0.252,0.426,0.427,-3.174,22.949,-97.168
0.286,0.397,0.406,-3.052,21.057,-90.088
0.300,0.405,0.432,-5.676,17.822,-83.191
0.308,0.447,0.500,-12.329,15.259,-69.153
0.311,0.494,0.541,-9.216,18.066,-63.965
0.329,0.532,0.434,-4.944,19.836,-59.692
0.339,0.520,0.394,-5.432,17.883,-55.603
0.342,0.520,0.422,-18.311,8.240,-45.166
0.333,0.559,0.526,-20.386,6.348,-40.283
0.335,0.572,0.544,-17.883,6.836,-36.133
0.339,0.598,0.551,-11.047,10.132,-28.137
0.344,0.625,0.543,-10.315,11.292,-24.902
0.348,0.677,0.504,-11.963,11.108,-22.705
0.349,0.682,0.513,-14.526,9.399,-22.339
0.352,0.697,0.512,-18.738,7.812,-23.743
0.368,0.652,0.511,-18.677,7.019,-25.330
0.375,0.614,0.553,-16.541,6.592,-24.902
0.377,0.632,0.568,-7.446,12.573,-16.785
0.375,0.678,0.544,-5.188,15.503,-13.367
0.368,0.763,0.458,-6.104,16.113,-11.658
0.364,0.795,0.431,-8.423,14.771,-11.719
0.360,0.808,0.421,-12.939,9.583,-15.015
0.346,0.775,0.447,-15.198,7.629,-16.846
0.336,0.748,0.476,-18.677,7.202,-17.822
0.321,0.729,0.481,-26.184,11.841,-16.907
0.305,0.717,0.447,-28.870,14.282,-16.174
0.288,0.731,0.268,-30.029,14.343,-15.930
0.287,0.721,0.164,-29.175,10.681,-17.029
0.292,0.663,0.109,-26.184,-8.301,-19.714
0.298,0.517,0.142,-23.437,-17.212,-17.700
0.291,0.469,0.128,-20.020,-23.193,-13.855
0.281,0.457,0.078,-17.822,-34.424,-4.578
0.270,0.489,-0.031,-20.142,-44.312,-0.793
0.264,0.519,-0.281,-25.269,-60.303,2.136
0.252,0.521,-0.374,-33.691,-81.238,5.981
0.245,0.509,-0.466,-40.100,-133.728,17.029
0.309,0.415,-0.636,-28.076,-163.940,27.344
0.299,0.405,-0.773,-5.676,-196.899,43.457
0.236,0.445,-0.785,49.683,-284.058,78.125
0.112,0.485,-0.458,62.500,-323.486,90.332
-0.129,0.551,1.266,65.857,-337.097,100.159
-0.125,0.692,1.913,69.946,-311.707,107.239
-0.079,0.904,1.936,88.257,-194.153,101.135
-0.078,1.316,1.021,77.820,-153.198,81.848
-0.146,1.307,0.653,47.913,-139.709,52.490
-0.221,1.093,0.541,-10.620,-164.307,-0.488
-0.273,0.763,0.636,-14.465,-178.040,-4.395
-0.326,0.338,1.138,-3.357,-182.007,9.521
-0.346,0.405,1.413,14.404,-173.035,33.142
-0.358,0.612,1.511,47.363,-123.413,64.880
-0.344,1.020,1.234,50.842,-99.243,60.181
-0.330,1.088,1.057,43.335,-83.679,43.823
-0.316,1.018,0.893,21.423,-78.552,1.587
-0.292,0.831,0.803,17.517,-84.351,-10.681
-0.242,0.418,0.845,19.958,-89.783,-11.475
-0.238,0.320,1.016,25.940,-91.431,-2.563
-0.242,0.298,1.228,31.128,-71.228,23.743
-0.266,0.390,1.372,24.780,-51.331,32.288
-0.284,0.413,1.298,16.541,-30.151,35.767
-0.307,0.384,1.270,-5.615,3.601,37.476
-0.336,0.322,1.367,-17.212,21.851,41.565
-0.412,0.228,1.689,-22.400,47.729,49.072
-0.465,0.209,1.793,-21.484,81.787,58.533
-0.529,0.187,1.797,-15.015,163.086,82.703
-0.650,0.191,1.557,-14.771,201.660,96.680
-0.692,0.151,1.349,-20.630,234.802,108.582
-0.716,0.116,1.166,-45.166,275.635,136.169
-0.731,0.214,1.021,-57.373,286.621,151.184
-0.757,1.001,0.446,-59.875,292.908,157.043
-0.676,1.309,0.102,-46.143,285.522,142.944
-0.521,1.280,0.007,-38.269,222.351,79.285
-0.316,1.047,0.117,-48.584,191.650,59.570
-0.268,0.959,0.225,-50.049,167.603,48.462
-0.231,0.904,0.336,-26.855,140.869,45.227
-0.201,0.923,0.358,-11.108,135.376,48.706
-0.139,1.084,0.147,3.845,128.296,49.561
-0.099,1.127,0.018,14.099,115.906,45.227
-0.057,1.094,-0.043,8.423,73.608,26.611
0.002,0.899,0.102,2.930,52.002,19.409
0.006,0.854,0.172,4.822,35.706,17.456
-0.002,0.843,0.210,19.775,12.695,21.240
-0.011,0.828,0.294,23.437,3.906,23.621
-0.048,0.875,0.548,26.001,0.732,25.879
-0.068,0.907,0.568,29.053,2.747,25.635
-0.077,0.896,0.559,20.996,5.371,16.663
-0.093,0.852,0.587,9.460,4.761,11.536
-0.106,0.814,0.571,0.854,4.150,6.470
-0.117,0.753,0.578,1.648,-1.892,0.732
-0.126,0.703,0.629,7.446,-4.272,1.648
-0.139,0.693,0.750,13.489,-3.906,3.296
-0.137,0.714,0.774,16.907,-1.465,4.517
-0.127,0.740,0.768,14.404,4.883,3.662
-0.091,0.738,0.687,12.085,6.653,1.099
-0.068,0.703,0.654,10.559,6.287,-1.587
-0.047,0.667,0.638,8.057,2.197,-1.831
-0.032,0.656,0.636,6.226,0.000,0.488
0.493,0.469,2.114,-151.733,127.930,114.136
0.136,0.777,1.087,-142.273,221.313,106.995
-0.286,0.619,-0.087,-66.833,320.679,21.545
-1.078,-0.079,-2.408,-16.296,316.467,-4.761
-1.251,-0.081,-3.006,33.020,274.048,-4.456
-1.265,0.076,-3.117,75.500,140.076,27.161
-1.038,0.513,-2.458,72.571,81.116,37.537
-0.859,0.715,-1.931,66.162,37.415,38.269
-0.688,0.794,-1.454,58.167,10.742,28.564
-0.564,0.778,-1.142,42.114,-3.418,-1.404
-0.465,0.568,-0.980,39.185,-5.371,-13.977
-0.442,0.404,-0.929,42.847,-11.230,-22.095
-0.426,0.312,-0.906,62.500,-23.010,-19.531
-0.392,0.287,-0.895,63.232,-26.550,-14.221
-0.364,0.275,-0.836,47.058,-27.832,-8.057
-0.339,0.285,-0.768,-0.793,-17.517,4.578
-0.329,0.318,-0.739,-12.085,-8.118,7.690
-0.343,0.385,-0.798,-13.550,-0.244,8.179
-0.359,0.416,-0.836,-10.010,4.395,7.141
-0.381,0.429,-0.875,-5.005,7.202,0.427
-0.460,0.320,-1.063,-2.014,6.775,-3.235
-0.510,0.308,-1.220,2.502,3.601,-4.456
-0.562,0.346,-1.384,6.592,-14.465,-7.446
-0.610,0.383,-1.537,6.287,-28.687,-12.695
-0.660,0.352,-1.750,6.226,-45.776,-18.738
-0.645,0.359,-1.773,6.531,-65.735,-23.315
-0.604,0.404,-1.709,6.287,-110.107,-30.212
-0.479,0.522,-1.369,6.897,-129.578,-36.011
-0.420,0.552,-1.189,11.536,-144.958,-44.922
-0.373,0.528,-1.032,29.114,-164.612,-68.970
-0.328,0.438,-0.884,33.813,-169.678,-76.782
-0.197,0.231,-0.552,32.288,-172.302,-76.904
-0.104,0.192,-0.343,22.827,-171.204,-69.580
-0.006,0.198,-0.190,-15.320,-148.499,-47.241
0.113,0.150,-0.284,-29.602,-130.432,-39.856
0.139,0.136,-0.418,-34.424,-113.892,-33.752
0.130,0.145,-0.569,-23.376,-87.891,-25.208
0.106,0.102,-0.708,-16.052,-80.566,-23.315
0.130,0.062,-0.701,-13.306,-78.613,-13.916
0.151,0.140,-0.614,-15.930,-74.219,-1.526
0.147,0.182,-0.625,-16.724,-49.927,12.634
0.127,0.325,-0.675,-14.038,-40.222,18.616
0.108,0.438,-0.708,-10.132,-32.104,23.193
0.074,0.498,-0.770,3.723,-24.902,17.578
0.048,0.502,-0.826,8.179,-27.893,11.230
0.053,0.552,-0.779,6.714,-31.189,5.798
0.063,0.549,-0.786,1.404,-30.640,-0.549
0.076,0.511,-0.805,-8.057,-25.330,-8.972
0.117,0.518,-0.809,-13.062,-22.705,-10.193
0.125,0.455,-0.845,-18.066,-19.775,-14.160
0.127,0.344,-0.901,-17.761,-18.921,-18.494
0.134,0.268,-0.938,-13.428,-21.606,-14.282
0.173,0.251,-0.875,-9.216,-23.987,-9.521
0.194,0.240,-0.805,-6.897,-23.926,-5.981
0.211,0.235,-0.757,-5.737,-16.113,0.854
0.197,0.283,-0.820,-1.404,-10.254,3.723
0.168,0.322,-0.906,4.272,-6.104,5.432
0.144,0.308,-0.955,5.859,-8.850,6.104
0.135,0.263,-0.936,3.052,-12.207,9.827
0.148,0.318,-0.811,-2.136,-12.268,14.221
0.143,0.325,-0.794,-9.705,-8.484,15.686
0.132,0.289,-0.820,-19.287,-0.244,14.893
0.111,0.240,-0.853,-16.174,0.061,17.212
0.108,0.263,-0.825,-10.498,-0.916,20.325
0.105,0.270,-0.780,-3.723,1.221,21.545
0.099,0.224,-0.743,-4.639,4.944,21.790
0.088,0.057,-0.741,-7.996,8.667,24.841
0.083,0.002,-0.741,-12.817,11.414,30.884
0.076,-0.040,-0.732,-22.827,15.686,46.082
0.077,-0.117,-0.645,-23.254,17.578,53.223
0.077,-0.203,-0.602,-17.029,20.508,60.242
0.077,-0.301,-0.574,2.930,28.931,83.984
0.080,-0.386,-0.548,14.099,34.485,101.807
0.091,-0.549,-0.537,25.818,42.419,123.047
0.092,-0.531,-0.549,37.842,51.941,148.132
0.075,-0.337,-0.554,59.143,72.083,195.923
0.004,0.548,-0.700,64.270,80.200,203.003
-0.032,0.800,-0.810,71.533,84.717,189.087
-0.075,0.740,-0.935,80.933,85.571,139.221
-0.135,0.543,-1.040,69.031,79.590,132.446
-0.319,0.355,-1.175,46.509,70.251,140.991
-0.398,0.611,-1.143,23.071,59.204,156.250
-0.446,0.977,-1.063,9.949,43.274,155.823
-0.456,1.454,-0.907,16.052,41.016,133.057
-0.454,1.438,-0.928,21.606,42.419,101.562
-0.467,1.262,-1.033,26.550,41.870,42.969
-0.481,1.023,-1.158,23.437,33.020,28.992
-0.458,0.747,-1.229,12.512,18.799,26.184
-0.416,0.766,-1.123,-2.808,3.296,29.480
-0.366,0.796,-0.975,-22.888,-10.559,28.503
-0.288,0.649,-0.838,-23.499,-5.737,22.095
-0.272,0.553,-0.888,-19.287,1.892,17.273
-0.265,0.493,-0.959,-8.545,8.362,17.822
-0.259,0.481,-1.000,-7.446,5.859,20.752
-0.251,0.541,-0.964,-8.850,1.770,21.851
-0.247,0.507,-0.913,-10.681,-2.197,20.264
-0.238,0.432,-0.848,-13.000,-5.432,20.752
-0.213,0.452,-0.728,-12.146,-2.991,24.841
-0.211,0.530,-0.715,-8.362,1.953,26.794
-0.221,0.534,-0.742,3.662,12.695,19.470
-0.230,0.471,-0.777,4.150,14.404,18.799
-0.241,0.428,-0.788,-2.380,13.855,22.827
-0.245,0.484,-0.762,-10.437,12.756,27.466
-0.243,0.553,-0.713,-21.057,13.977,27.405
-0.251,0.642,-0.641,-22.888,17.639,22.461
-0.261,0.638,-0.627,-22.034,22.339,15.869
-0.274,0.627,-0.621,-17.029,31.006,4.211
-0.285,0.694,-0.608,-19.165,34.790,-0.305
-0.325,1.023,-0.603,-25.574,39.368,-9.888
-0.370,1.118,-0.653,-31.677,43.884,-26.917
-0.427,1.155,-0.732,-41.992,44.678,-71.960
-0.522,1.183,-0.794,-52.979,39.307,-94.360
-0.542,1.213,-0.730,-68.542,33.630,-116.394
-0.552,1.255,-0.642,-100.708,35.217,-167.725
-0.575,1.263,-0.596,-107.849,43.335,-200.317
-0.706,0.964,-0.715,-107.727,51.575,-233.948
-0.796,0.586,-0.942,-100.403,56.458,-263.428
-0.841,0.080,-1.173,-62.439,34.180,-274.536
-0.674,-0.543,-1.156,-56.946,11.658,-243.835
-0.531,-0.545,-1.020,-67.749,-6.104,-199.890
-0.396,-0.395,-0.838,-95.337,-13.184,-121.704
-0.299,-0.209,-0.701,-88.745,-0.916,-103.394
-0.276,-0.132,-0.817,-67.932,16.296,-96.985
-0.313,-0.243,-1.018,-44.739,31.433,-93.811
-0.344,-0.395,-1.211,-21.606,35.889,-71.655
-0.343,-0.497,-1.327,-24.780,25.391,-48.950
-0.313,-0.316,-1.216,-33.447,12.207,-24.170
-0.279,-0.057,-1.071,-48.157,-0.244,-2.319
-0.261,0.103,-0.972,-45.105,2.197,-9.338
-0.271,-0.069,-0.941,-34.363,6.348,-17.822
-0.283,-0.178,-0.977,-24.292,10.559,-19.348
-0.291,-0.173,-1.015,-23.132,14.343,-2.869
-0.292,-0.000,-1.016,-25.330,12.817,4.456
-0.282,0.055,-0.978,-22.461,9.888,7.751
-0.270,0.084,-0.938,-2.808,6.470,7.141
-0.267,0.086,-0.933,5.005,7.446,6.104
-0.292,0.133,-1.038,7.019,7.690,6.531
-0.289,0.211,-1.054,5.127,5.188,7.324
-0.278,0.258,-1.015,5.371,-1.953,2.197
-0.269,0.245,-0.938,8.911,-2.136,-0.732
-0.267,0.280,-0.940,14.832,-0.793,-1.953
-0.267,0.307,-0.938,28.809,1.282,-6.958
-0.273,0.283,-0.948,29.846,1.648,-8.911
-0.273,0.237,-0.947,29.419,0.488,-7.507
-0.259,0.295,-0.914,31.250,-1.343,-4.578
-0.246,0.346,-0.881,38.147,-0.183,-6.714
-0.233,0.331,-0.863,36.926,2.563,-9.949
-0.234,0.296,-0.869,32.532,5.005,-11.658
-0.238,0.279,-0.873,25.330,7.202,-9.521
-0.242,0.292,-0.883,27.710,7.141,-8.240
0.130,0.804,0.985,-110.962,271.729,6.958
-0.171,0.161,0.112,-53.040,323.730,-39.978
-0.498,-0.645,-0.765,77.942,347.290,-79.468
-1.104,-0.607,-2.691,101.929,322.449,-64.941
-1.261,-0.333,-3.059,114.136,269.531,-61.218
-1.343,-0.369,-3.094,137.878,156.128,-88.501
-1.380,-0.593,-3.140,130.188,103.333,-81.970
-1.221,-0.611,-2.972,95.764,39.612,-54.077
-1.004,-0.390,-2.380,47.668,-28.503,-21.301
-0.733,-0.200,-1.612,-13.367,-108.765,11.047
-0.228,-0.100,-0.486,-13.123,-109.497,9.094
-0.082,-0.157,-0.286,-1.221,-92.957,1.465
-0.009,-0.190,-0.242,-16.602,-44.495,-4.517
0.015,-0.137,-0.255,-43.152,-24.475,-1.709
-0.028,-0.013,-0.317,-59.387,-8.545,-1.465
-0.083,-0.065,-0.403,-58.228,4.944,-5.127
-0.146,-0.149,-0.518,-32.959,25.269,-12.756
-0.273,-0.259,-0.788,-21.362,32.043,-15.442
-0.319,-0.321,-0.906,-12.329,36.499,-18.188
-0.348,-0.410,-1.007,-2.258,38.513,-18.921
-0.369,-0.494,-1.099,-1.953,35.400,-13.550
-0.414,-0.504,-1.248,-3.357,29.541,-5.737
-0.432,-0.480,-1.284,-3.418,21.362,0.977
-0.446,-0.476,-1.280,0.488,3.174,9.033
-0.454,-0.438,-1.210,3.479,-3.723,12.573
-0.452,-0.391,-1.196,8.362,-8.423,15.869
-0.450,-0.341,-1.194,25.330,-15.076,18.005
-0.447,-0.309,-1.187,34.058,-18.066,15.625
-0.454,-0.330,-1.225,41.504,-21.240,12.329
-0.472,-0.396,-1.302,47.546,-26.184,9.827
-0.493,-0.478,-1.381,46.753,-46.692,16.907
-0.493,-0.464,-1.367,36.865,-60.547,26.489
-0.466,-0.386,-1.269,26.733,-72.937,34.973
-0.432,-0.334,-1.177,26.550,-85.205,39.246
-0.400,-0.332,-1.129,36.194,-87.158,37.903
-0.339,-0.329,-1.096,44.495,-88.867,37.170
-0.310,-0.295,-1.082,48.584,-91.003,36.987
-0.282,-0.226,-1.051,51.941,-96.680,35.217
-0.226,-0.094,-0.935,54.993,-98.328,31.311
-0.201,-0.112,-0.877,58.411,-98.083,26.306
-0.189,-0.220,-0.849,44.189,-94.971,26.306
-0.177,-0.323,-0.823,27.649,-93.628,37.659
-0.126,-0.173,-0.724,13.245,-90.027,51.086
-0.113,0.007,-0.738,6.897,-82.520,59.387
-0.108,0.129,-0.816,18.433,-67.200,51.392
-0.109,0.157,-0.911,22.522,-65.369,42.480
-0.100,0.130,-0.902,23.804,-66.895,33.508
-0.089,0.091,-0.905,23.926,-73.486,22.095
-0.073,0.053,-0.914,18.188,-77.271,21.851
-0.014,0.041,-0.882,9.766,-80.505,23.193
0.025,0.070,-0.837,2.075,-82.214,23.499
0.062,0.078,-0.792,-2.319,-78.247,15.564
0.119,0.013,-0.674,1.221,-72.998,9.583
0.139,-0.026,-0.665,8.606,-64.880,5.310
0.152,-0.043,-0.730,25.146,-48.462,1.038
0.158,-0.075,-0.831,27.588,-45.776,-0.122
0.163,-0.117,-0.956,22.156,-46.204,1.282
0.166,-0.078,-0.958,11.719,-47.791,4.517
0.172,-0.032,-0.934,0.427,-49.805,7.141
0.195,-0.036,-0.830,-1.587,-48.828,6.287
0.215,-0.035,-0.755,-3.235,-45.654,6.470
0.234,0.000,-0.701,1.160,-30.640,6.348
0.245,0.050,-0.696,8.728,-21.240,2.930
0.210,0.049,-0.835,16.602,-13.611,-1.953
0.180,0.011,-0.911,20.630,-9.766,-5.432
0.152,-0.035,-0.956,11.414,-11.536,-5.310
0.122,-0.102,-0.910,1.343,-14.038,-1.587
0.124,-0.085,-0.839,-9.888,-14.648,3.296
0.127,-0.070,-0.777,-18.982,-6.775,7.202
0.125,-0.074,-0.744,-15.076,-1.221,6.287
0.113,-0.163,-0.690,-10.071,3.784,6.226
0.116,-0.196,-0.665,-5.493,8.484,8.728
0.119,-0.225,-0.654,-2.075,15.869,18.494
0.135,-0.317,-0.600,-4.578,18.494,24.841
0.160,-0.379,-0.525,-8.911,22.217,32.166
0.186,-0.430,-0.464,-12.268,36.743,49.683
0.202,-0.460,-0.432,-6.714,45.715,58.472
0.218,-0.507,-0.359,0.244,55.969,66.528
0.221,-0.550,-0.338,8.667,67.383,74.585
0.225,-0.587,-0.327,28.137,91.492,95.947
0.244,-0.554,-0.404,36.194,103.760,109.741
0.233,-0.455,-0.491,43.335,114.990,123.718
0.196,-0.330,-0.591,53.650,132.751,144.104
0.046,-0.096,-0.723,53.711,138.611,149.414
-0.061,0.105,-0.807,50.232,144.775,149.841
-0.191,0.318,-0.987,44.922,152.283,144.104
-0.325,0.453,-1.199,41.992,151.917,120.605
-0.553,0.531,-1.547,40.222,141.602,108.215
-0.627,0.526,-1.639,35.950,126.099,98.389
-0.658,0.581,-1.669,23.743,86.304,88.074
-0.609,0.708,-1.579,15.930,66.895,81.909
-0.546,0.705,-1.489,7.629,50.842,73.120
-0.480,0.657,-1.409,-5.554,32.959,52.063
-0.417,0.579,-1.331,-6.409,28.870,42.847
-0.318,0.448,-1.193,-3.540,27.039,35.400
-0.285,0.403,-1.151,0.427,27.039,30.396
-0.257,0.372,-1.126,6.470,30.334,29.236
-0.212,0.389,-1.072,6.226,32.837,31.372
-0.204,0.493,-1.072,3.662,35.706,32.959
-0.212,0.622,-1.084,-5.249,38.147,22.705
-0.233,0.754,-1.099,-13.245,36.377,10.010
-0.299,1.001,-1.109,-22.217,32.227,-7.446
-0.328,1.053,-1.072,-29.419,25.635,-28.992
-0.368,1.055,-1.026,-35.522,10.925,-76.904
-0.454,1.017,-0.999,-37.781,3.845,-100.403
-0.477,0.991,-0.941,-47.180,-4.639,-120.789
-0.495,0.933,-0.848,-71.106,-15.076,-161.926
-0.509,0.834,-0.749,-71.594,-12.207,-184.692
-0.567,0.573,-0.750,-65.430,-5.310,-206.848
-0.630,0.320,-0.910,-52.734,2.014,-228.210
-0.677,0.000,-1.089,-24.353,-0.732,-243.835
-0.653,-0.448,-1.252,-29.541,-12.268,-228.577
-0.601,-0.532,-1.197,-47.668,-27.283,-203.552
-0.528,-0.502,-1.057,-81.970,-49.744,-153.503
-0.455,-0.415,-0.895,-85.693,-50.232,-140.198
-0.363,-0.415,-0.724,-78.552,-43.518,-135.437
-0.339,-0.514,-0.755,-62.317,-32.654,-133.911
-0.333,-0.634,-0.869,-29.358,-13.733,-121.216
-0.318,-0.699,-1.032,-22.888,-11.963,-106.750
-0.301,-0.623,-1.043,-24.109,-13.184,-91.187
-0.286,-0.536,-1.047,-31.616,-17.944,-68.909
-0.269,-0.484,-1.022,-29.541,-20.874,-62.927
-0.232,-0.504,-0.920,-25.269,-21.606,-58.044
-0.224,-0.542,-0.891,-21.484,-19.409,-52.246
-0.217,-0.552,-0.869,-15.747,-9.949,-32.593
-0.205,-0.426,-0.861,-12.329,-4.150,-22.339
-0.216,-0.351,-0.900,-9.155,1.160,-14.893
-0.223,-0.266,-0.937,-3.601,5.432,-7.568
-0.215,-0.192,-0.935,0.061,5.432,-8.179
-0.197,-0.145,-0.907,2.014,6.897,-9.888
-0.214,-0.157,-0.972,1.465,9.338,-10.559
-0.234,-0.154,-1.018,-2.991,6.714,-5.920
-0.248,-0.142,-0.973,-4.456,3.845,-3.479
-0.255,-0.148,-0.977,-4.395,3.174,-1.404
-0.266,-0.132,-1.025,-5.554,3.784,2.991
-0.269,-0.089,-1.068,-3.540,1.465,3.357
-0.228,-0.055,-1.042,1.282,-1.343,1.343
-0.208,-0.080,-1.018,6.287,-2.991,-0.916
-0.195,-0.100,-1.004,5.798,-2.014,0.854
-0.186,-0.097,-1.045,4.089,-1.770,3.967
-0.184,-0.082,-1.056,3.601,-3.540,7.507
-0.180,-0.030,-1.044,-2.441,-8.911,13.855
-0.171,0.046,-1.009,-5.493,-9.827,12.634
-0.153,0.088,-0.927,-3.906,-8.667,7.385
-0.159,0.017,-0.936,2.441,-5.981,0.977
-0.170,-0.034,-0.970,11.658,-2.869,-0.244
-0.171,0.031,-0.981,10.071,-3.906,2.197
-0.161,0.069,-0.950,9.216,-5.005,2.014
-0.159,0.039,-0.938,13.245,-2.808,-4.883
-0.167,-0.034,-0.965,10.498,-1.160,-4.639
-0.217,0.502,-0.985,-4.333,-84.351,-102.783
-0.077,-0.284,-0.354,-21.973,-100.281,-112.427
0.213,-1.069,0.834,-109.375,-93.872,-14.648
0.784,-1.253,3.251,-154.663,-28.870,78.918
0.697,-0.240,3.445,-161.865,83.496,160.278
0.303,0.841,2.789,-65.491,355.774,152.283
-0.261,1.094,1.607,-8.423,452.942,87.158
-1.540,0.207,-1.560,28.931,499.756,43.213
-2.034,0.260,-3.219,45.593,484.009,34.119
-2.241,0.529,-4.000,22.217,273.499,48.950
-1.969,0.768,-3.700,-18.921,143.372,52.490
-1.697,0.961,-2.893,-59.387,41.931,51.697
-1.441,1.095,-2.164,-75.073,-53.467,10.864
-1.214,0.950,-1.640,-58.350,-69.275,-17.212
-0.805,0.310,-1.017,-45.166,-77.576,-32.715
-0.638,0.112,-0.811,-41.077,-82.214,-32.776
-0.494,0.044,-0.621,-46.509,-80.994,-8.728
-0.280,0.090,-0.326,-50.171,-72.937,3.235
-0.217,0.152,-0.225,-54.382,-60.364,12.207
-0.193,0.206,-0.168,-58.655,-24.536,18.005
-0.207,0.221,-0.166,-55.298,-3.723,16.541
-0.325,0.216,-0.408,-48.096,15.686,14.160
-0.407,0.218,-0.593,-37.231,30.090,11.047
-0.479,0.210,-0.743,-12.146,39.429,4.639
-0.580,0.160,-0.955,-4.395,37.537,3.479
-0.618,0.146,-1.041,-1.831,33.081,4.272
-0.650,0.139,-1.121,-6.836,17.761,8.118
-0.675,0.153,-1.191,-7.385,6.958,9.155
-0.717,0.227,-1.285,-5.188,-4.639,7.874
-0.748,0.230,-1.354,0.000,-15.747,3.540
-0.776,0.196,-1.439,20.935,-40.283,-8.911
-0.794,0.120,-1.548,30.273,-55.359,-12.573
-0.798,0.135,-1.594,37.781,-71.594,-14.160
-0.802,0.177,-1.630,60.852,-107.971,-20.203
-0.799,0.222,-1.644,77.820,-127.930,-26.550
-0.758,0.242,-1.534,94.482,-148.254,-33.508
-0.710,0.223,-1.390,106.750,-167.175,-39.124
-0.641,0.179,-1.169,105.225,-191.589,-42.480
-0.445,0.085,-0.646,85.693,-191.833,-36.987
-0.331,0.124,-0.432,60.669,-184.387,-27.161
-0.228,0.223,-0.289,24.963,-153.381,-10.864
-0.146,0.337,-0.217,16.968,-133.057,-9.705
-0.063,0.397,-0.296,14.465,-112.976,-12.329
-0.049,0.346,-0.385,16.907,-96.619,-15.259
-0.044,0.269,-0.481,18.738,-76.904,-12.146
-0.029,0.192,-0.588,12.207,-71.838,-3.906
-0.021,0.279,-0.606,1.526,-67.078,6.104
-0.014,0.362,-0.610,-9.644,-54.016,9.521
-0.014,0.381,-0.628,-5.127,-46.143,5.981
-0.034,0.313,-0.737,1.526,-39.429,4.395
-0.049,0.305,-0.788,6.592,-35.034,5.493
-0.067,0.337,-0.832,8.972,-31.799,9.399
-0.084,0.405,-0.839,7.507,-32.227,10.010
-0.076,0.427,-0.805,3.296,-32.715,10.498
-0.058,0.451,-0.761,-6.226,-29.846,10.071
-0.041,0.480,-0.731,-6.042,-25.269,7.080
-0.032,0.416,-0.790,-2.502,-19.836,2.258
-0.040,0.360,-0.873,2.625,-15.625,-0.854
-0.047,0.357,-0.950,6.592,-16.357,2.136
-0.038,0.443,-0.958,3.235,-20.020,3.906
-0.023,0.465,-0.907,-0.854,-23.437,3.845
-0.005,0.470,-0.842,-7.446,-24.414,0.549
0.012,0.459,-0.793,-10.254,-21.301,-1.465
0.017,0.412,-0.789,-11.230,-17.029,-3.540
0.004,0.384,-0.822,-10.132,-12.939,-5.432
-0.011,0.348,-0.859,-7.019,-9.827,-6.775
-0.026,0.314,-0.864,-7.324,-11.047,-5.554
-0.024,0.309,-0.834,-9.766,-12.329,-4.395
-0.016,0.277,-0.796,-18.494,-11.475,-2.625
-0.004,0.240,-0.757,-22.217,-9.338,-0.366
0.010,0.146,-0.705,-24.536,-6.409,2.563
0.006,0.068,-0.703,-24.780,-2.991,6.104
0.001,-0.066,-0.708,-24.292,3.601,19.897
0.013,-0.344,-0.609,-30.945,7.019,36.377
0.016,-0.378,-0.531,-38.513,12.451,58.655
0.005,-0.354,-0.480,-27.954,32.837,101.929
-0.013,-0.306,-0.467,-13.733,46.448,118.103
-0.069,-0.410,-0.561,1.221,60.608,131.775
-0.117,-0.507,-0.643,17.212,73.059,148.315
-0.171,-0.484,-0.721,52.734,88.257,195.557
-0.286,-0.097,-0.827,65.918,91.614,217.285
-0.351,0.226,-0.889,75.684,94.055,231.262
-0.418,0.676,-0.972,82.703,92.957,220.764
-0.452,1.158,-1.063,77.515,88.379,188.599
-0.507,1.286,-1.233,72.144,81.177,143.677
-0.572,0.875,-1.270,64.026,70.374,104.065
-0.641,0.488,-1.245,37.292,39.734,88.623
-0.707,0.497,-1.030,26.367,25.391,102.966
-0.690,0.744,-0.903,21.240,15.625,113.708
-0.652,0.970,-0.799,26.978,11.597,99.426
-0.608,1.101,-0.747,30.579,15.381,78.125
-0.549,1.084,-0.823,30.640,19.470,54.260
-0.534,0.969,-0.904,26.245,21.240,32.227
-0.525,0.801,-0.972,7.690,13.977,4.883
-0.489,0.436,-0.983,-1.709,5.981,3.052
-0.457,0.352,-0.921,-9.277,-2.014,8.850
-0.421,0.372,-0.842,-17.883,-9.216,26.306
-0.388,0.473,-0.770,-18.433,-6.836,28.503
-0.354,0.636,-0.734,-17.761,-1.709,23.804
-0.355,0.594,-0.752,-16.663,3.601,15.015
-0.361,0.489,-0.773,-12.390,9.583,1.892
-0.365,0.292,-0.787,-11.780,10.132,2.686
-0.359,0.299,-0.767,-14.038,9.949,8.057
-0.346,0.412,-0.720,-23.804,10.986,18.127
-0.332,0.585,-0.653,-29.480,14.404,14.526
-0.332,0.922,-0.526,-34.851,20.508,3.052
-0.357,1.070,-0.506,-40.039,28.320,-15.259
-0.406,1.220,-0.533,-53.467,41.260,-68.909
-0.543,1.390,-0.587,-67.200,42.175,-102.234
-0.601,1.441,-0.509,-92.346,39.612,-135.925
-0.644,1.458,-0.361,-149.048,38.635,-206.665
-0.688,1.336,-0.204,-163.330,47.180,-244.019
-0.830,0.524,-0.253,-167.847,61.340,-273.682
-0.877,0.066,-0.515,-164.124,74.036,-286.926
-0.882,-0.261,-0.809,-135.376,66.833,-258.850
-0.771,-0.501,-1.053,-114.868,47.424,-227.417
-0.680,-0.388,-1.002,-100.769,28.564,-192.688
-0.615,-0.193,-0.978,-89.661,13.245,-146.484
-0.589,-0.063,-1.022,-78.552,11.475,-141.846
-0.559,-0.284,-1.109,-66.589,9.888,-140.808
-0.521,-0.462,-1.126,-58.411,8.606,-133.545
-0.476,-0.540,-1.129,-47.668,6.042,-95.215
-0.410,-0.423,-1.102,-42.236,5.249,-74.097
-0.391,-0.345,-1.096,-35.278,4.639,-57.861
-0.376,-0.286,-1.084,-12.268,1.953,-39.063
-0.366,-0.154,-1.030,-3.723,1.465,-33.264
-0.377,-0.121,-1.026,1.465,2.014,-29.175
-0.394,-0.125,-1.016,6.592,2.075,-26.123
-0.417,-0.127,-1.005,10.193,1.221,-15.076
-0.444,-0.057,-0.962,6.409,0.000,-6.897
-0.448,0.010,-0.932,3.052,-1.709,0.916
-0.450,0.097,-0.915,-1.465,-3.906,11.169
-0.448,0.285,-0.866,-3.601,-4.211,11.963
-0.443,0.323,-0.837,-3.723,-3.418,9.521
-0.450,0.317,-0.858,4.456,1.343,1.770
-0.466,0.307,-0.921,6.958,0.854,-0.122
-0.444,0.300,-0.922,5.493,-2.197,-0.916
-0.417,0.290,-0.863,3.601,-4.822,-1.099
-0.391,0.247,-0.836,6.104,-2.319,-2.075
-0.377,0.214,-0.943,6.470,-0.122,0.549
-0.366,0.241,-0.961,4.822,-0.854,3.967
-0.344,0.269,-0.925,3.845,-4.517,5.127
-0.325,0.278,-0.887,5.249,-3.296,2.747
-0.344,0.256,-0.979,6.165,-1.648,0.732
-0.360,0.246,-1.026,5.676,-3.235,0.732
-0.363,0.249,-0.995,-1.221,-13.733,5.188
-0.348,0.276,-0.864,-4.883,-15.442,6.470
-0.339,0.304,-0.829,-6.409,-13.916,6.226
-0.332,0.323,-0.829,-3.052,-6.653,0.549
-0.331,0.301,-0.869,-0.427,-4.517,-2.747
-0.587,1.281,2.445,-43.823,128.906,14.587
-0.765,1.605,2.348,-37.842,212.524,8.057
-0.928,1.770,1.696,-61.218,353.332,-64.453
-0.899,1.137,-0.255,-92.773,364.929,-115.417
-0.570,0.654,-1.004,-120.056,333.069,-151.001
-0.110,0.450,-1.712,-83.130,217.468,-153.076
0.324,0.009,-2.689,-23.437,140.320,-139.954
1.017,-2.185,-3.784,23.193,34.302,-83.191
0.994,-2.054,-3.318,46.997,-80.017,37.720
0.697,-1.086,-2.254,126.343,-238.159,266.907
-0.298,0.565,0.135,175.232,-255.554,304.810
-0.844,1.254,1.167,177.917,-244.385,310.364
-1.223,2.022,1.923,115.417,-179.138,244.019
-1.389,2.362,2.100,102.234,-144.897,165.894
-1.210,1.396,1.882,90.759,-121.765,97.534
-1.029,1.040,1.689,83.008,-100.952,65.186
-0.835,0.982,1.450,95.520,-61.584,62.256
-0.449,1.200,0.819,98.145,-47.363,59.387
-0.295,1.287,0.535,92.468,-40.894,48.401
-0.199,1.301,0.311,59.692,-45.837,12.085
-0.163,1.205,0.187,33.386,-53.406,-2.563
-0.207,0.997,0.302,14.526,-59.204,-8.484
-0.264,1.022,0.369,10.803,-59.814,-7.812
-0.326,1.139,0.439,18.311,-51.758,-6.836
-0.410,1.416,0.664,11.475,-43.823,-12.817
-0.430,1.578,0.799,-0.061,-31.555,-22.644
-0.448,1.740,0.906,-7.507,11.047,-59.021
-0.475,1.850,0.961,-11.780,38.330,-85.754
-0.539,1.874,0.751,-16.846,64.026,-113.770
-0.555,1.840,0.510,-12.390,83.618,-138.794
-0.564,1.778,0.187,-2.380,87.830,-186.523
-0.462,1.209,0.080,-15.015,67.871,-209.961
-0.379,0.904,0.340,-29.846,48.523,-221.497
-0.299,0.670,0.633,-37.292,46.570,-212.891
-0.224,0.522,0.816,-33.813,64.087,-199.768
-0.176,0.691,0.499,-33.020,82.581,-188.232
-0.167,0.718,0.134,-39.246,88.684,-188.538
-0.105,0.533,-0.134,-66.467,47.180,-199.890
0.097,0.173,0.031,-83.618,17.212,-187.622
0.165,0.135,0.229,-91.858,-2.686,-166.199
0.215,0.123,0.375,-62.622,-10.376,-119.812
0.251,0.160,0.416,-42.725,-5.859,-98.511
0.288,0.301,0.411,-32.227,-3.418,-80.811
0.295,0.390,0.419,-30.457,-2.014,-65.613
0.293,0.471,0.352,-27.344,1.709,-43.091
0.306,0.582,0.273,-26.489,-0.977,-34.912
0.318,0.663,0.317,-27.649,-4.211,-27.832
0.326,0.739,0.353,-23.499,-1.953,-20.874
0.330,0.785,0.341,-21.667,1.160,-21.545
0.346,0.776,0.266,-23.682,2.075,-22.888
0.356,0.742,0.256,-25.330,1.038,-23.132
0.358,0.726,0.237,-20.508,0.305,-18.494
0.348,0.822,0.237,-18.738,0.366,-15.381
0.342,0.885,0.244,-14.954,1.404,-14.160
0.331,0.894,0.214,-9.583,5.859,-16.418
0.315,0.854,0.136,-16.602,4.150,-16.602
0.274,0.763,-0.034,-25.024,-2.380,-15.747
0.254,0.722,-0.105,-32.043,-12.207,-14.282
0.240,0.690,-0.170,-46.204,-38.818,-9.888
0.238,0.468,-0.213,-52.002,-54.565,-6.287
0.235,0.325,-0.274,-54.077,-69.580,3.540
0.215,0.203,-0.446,-54.016,-104.919,44.556
0.186,0.127,-0.681,-55.542,-133.118,74.036
0.081,0.267,-0.889,-53.223,-167.725,105.225
0.004,0.365,-0.777,-40.955,-202.454,131.531
-0.069,0.420,-0.579,6.958,-251.770,164.612
-0.189,0.415,-0.220,33.875,-263.550,178.284
-0.254,0.495,-0.059,55.237,-270.691,193.237
-0.307,0.621,0.150,71.472,-275.269,212.769
-0.340,0.754,0.402,72.632,-266.479,215.210
-0.371,1.099,0.930,68.176,-248.596,211.792
-0.377,1.244,1.121,58.411,-223.267,200.867
-0.390,1.369,1.214,46.753,-159.180,162.231
-0.500,1.487,0.931,51.025,-127.869,135.803
-0.593,1.393,0.635,54.321,-105.835,107.239
-0.669,1.247,0.447,37.842,-102.783,61.584
-0.705,1.084,0.475,27.344,-109.192,49.072
-0.679,0.869,0.933,24.292,-108.032,44.556
-0.649,0.868,1.120,26.245,-95.276,46.082
-0.618,0.946,1.214,29.419,-47.302,51.575
-0.566,1.103,1.040,34.424,-20.569,47.302
-0.550,1.156,0.823,40.222,1.099,38.086
-0.533,1.151,0.605,37.781,14.709,7.446
-0.508,1.050,0.413,29.541,8.057,-7.385
-0.423,0.702,0.347,20.142,-3.357,-13.977
-0.386,0.630,0.478,14.526,-12.512,-9.644
-0.362,0.658,0.615,21.057,-9.460,12.146
-0.351,0.855,0.730,30.151,0.793,18.921
-0.360,0.953,0.685,40.283,12.512,20.081
-0.372,0.991,0.555,52.856,27.466,3.601
-0.378,0.938,0.366,41.931,22.949,-7.629
-0.354,0.663,0.203,18.005,9.094,-13.916
-0.336,0.521,0.353,-7.385,-7.263,-12.390
-0.327,0.462,0.608,-39.063,-18.494,12.634
-0.349,0.529,1.092,-48.767,-7.202,25.330
-0.381,0.609,1.254,-57.068,13.123,33.142
-0.425,0.717,1.397,-78.857,70.068,32.654
-0.478,0.812,1.497,-89.722,104.492,23.499
-0.581,0.677,1.539,-92.102,141.296,11.597
-0.636,0.478,1.512,-88.928,179.993,5.127
-0.701,0.340,1.420,-84.839,254.822,18.799
-0.816,0.201,1.117,-83.557,284.912,30.273
-0.878,0.172,0.909,-82.764,310.364,45.654
-0.947,0.264,0.563,-70.313,342.468,89.600
-0.946,0.942,-0.483,-48.218,334.045,102.905
-0.836,1.283,-0.866,-26.489,300.903,98.877
-0.682,1.443,-0.961,-23.804,246.826,77.271
-0.520,1.418,-0.723,-71.350,129.944,16.479
-0.302,1.061,0.172,-93.323,98.755,-5.005
-0.262,0.882,0.451,-101.868,93.323,-14.465
-0.257,0.801,0.463,-67.932,127.380,-4.089
-0.293,0.834,-0.115,-38.025,140.076,5.676
-0.302,0.901,-0.435,-17.639,136.658,13.672
-0.296,0.964,-0.613,-14.038,84.534,18.555
-0.282,1.003,-0.595,-20.569,50.964,17.090
-0.255,0.949,-0.153,-25.269,23.682,15.320
-0.246,0.899,0.120,-26.611,8.240,15.686
-0.248,0.899,0.326,-20.508,11.902,23.499
-0.287,0.988,0.289,-12.146,23.376,24.963
-0.311,1.037,0.101,-3.418,31.372,23.071
-0.328,1.092,-0.038,-5.920,18.250,11.475
-0.337,1.109,-0.049,-15.747,3.113,3.052
-0.320,0.929,0.175,-21.423,-9.216,-4.211
-0.296,0.817,0.292,-19.775,-15.869,-6.958
-0.274,0.769,0.382,-12.085,-13.550,1.709
-0.257,0.808,0.443,-8.240,-8.118,6.714
-0.260,0.839,0.420,-4.517,-2.380,9.766
-0.270,0.881,0.372,-0.732,4.456,10.681
-0.280,0.918,0.341,-1.892,4.272,8.545
-0.288,0.981,0.350,-5.920,3.784,5.554
-0.287,1.013,0.336,-10.437,3.845,1.892
-0.275,1.015,0.316,-11.536,2.808,-6.897
-0.233,0.912,0.331,-8.728,1.770,-9.216
-0.220,0.869,0.349,-7.690,1.404,-8.972
-0.213,0.853,0.361,-7.874,2.991,-3.906
-0.212,0.863,0.349,-4.517,4.333,-1.221
-0.216,0.924,0.292,-0.977,4.456,0.366
-0.219,0.946,0.277,-1.160,3.174,0.122
-0.219,0.945,0.271,-7.751,-1.587,-5.310
-0.207,0.880,0.350,-8.789,-3.784,-7.629
-0.205,0.855,0.397,-6.409,-4.089,-7.935
-0.207,0.839,0.409,5.615,0.183,-4.700
-0.211,0.841,0.375,10.437,2.441,-2.319
-0.221,0.871,0.302,11.536,2.686,-0.549
-0.223,0.878,0.318,8.484,1.526,0.183
-0.219,0.873,0.350,-1.038,0.610,-0.793
-0.215,0.869,0.351,-2.502,1.648,-1.099
-0.218,0.902,0.332,-1.953,2.319,-0.854
-0.218,0.922,0.333,-3.906,1.526,-3.357
-0.215,0.902,0.348,-5.127,1.709,-5.188
-0.500,-2.567,0.969,78.613,-91.003,129.883
-0.561,-2.378,1.155,96.985,-93.933,199.585
-0.578,-1.979,1.212,13.123,-66.711,303.650
-0.581,-0.981,1.048,-62.622,-40.283,329.163
-0.551,-0.234,1.228,-109.192,-7.935,340.027
-0.394,0.740,1.396,-97.229,99.731,303.711
-0.040,1.786,1.105,-69.336,141.785,244.324
0.863,3.689,-0.121,-33.447,135.620,151.733
1.054,4.000,-0.027,-6.104,82.886,25.635
0.943,3.677,0.498,0.732,-24.170,-251.953
0.243,1.672,0.501,-7.019,-39.612,-354.614
-0.177,0.076,0.023,-17.761,-61.279,-411.621
-0.585,-1.435,0.103,3.662,-168.945,-353.027
-0.920,-2.360,0.790,29.907,-190.308,-268.555
-1.134,-2.466,1.834,33.264,-158.325,-189.636
-1.002,-2.323,1.508,12.878,-94.849,-132.874
-0.777,-2.113,0.919,-2.808,-18.005,-55.115
-0.275,-1.441,0.422,20.020,-26.672,-26.611
-0.106,-1.079,0.644,44.678,-46.631,-6.104
-0.003,-0.713,0.922,54.382,-53.894,8.606
0.062,-0.431,1.098,39.368,-40.039,3.174
0.109,-0.112,1.055,18.799,-26.367,-7.507
0.102,-0.051,0.978,1.648,-20.508,-22.034
0.078,-0.045,0.996,-2.869,-35.522,-54.443
-0.037,-0.286,1.280,5.310,-44.556,-67.749
-0.119,-0.501,1.422,13.367,-46.204,-74.097
-0.189,-0.704,1.536,26.794,-22.583,-59.570
-0.224,-0.875,1.637,30.273,-2.075,-40.649
-0.226,-1.068,1.821,25.635,21.057,-17.029
-0.237,-1.056,1.853,13.550,45.776,9.583
-0.259,-0.883,1.814,-2.075,98.389,54.626
-0.222,-0.637,1.486,-3.296,119.629,61.401
-0.204,-0.774,1.336,-6.592,130.188,62.561
-0.200,-0.919,1.260,-7.751,128.967,82.764
-0.186,-0.965,1.246,-5.737,128.296,101.440
-0.198,-0.616,1.250,-5.554,134.155,117.493
-0.186,-0.337,1.096,-7.324,149.841,121.704
-0.115,-0.179,0.806,-9.949,180.542,90.393
0.058,-0.194,0.322,-7.629,176.697,69.519
0.124,-0.278,0.274,-0.366,161.133,53.284
0.169,-0.294,0.298,29.236,125.916,39.490
0.215,-0.269,0.313,37.720,112.671,33.691
0.291,-0.312,0.414,33.875,101.196,26.306
0.309,-0.352,0.449,21.301,92.529,19.348
0.307,-0.389,0.432,-4.883,79.529,8.301
0.307,-0.569,0.373,-9.338,70.923,5.493
0.313,-0.563,0.453,-7.141,60.425,6.958
0.335,-0.500,0.559,4.211,49.744,8.606
0.365,-0.473,0.615,4.944,48.706,6.226
0.391,-0.536,0.618,1.038,46.631,4.822
0.392,-0.557,0.607,-3.601,43.823,5.432
0.394,-0.566,0.567,-4.822,39.368,10.010
0.416,-0.576,0.494,-5.127,34.668,12.939
0.429,-0.565,0.508,-7.751,27.466,16.235
0.433,-0.518,0.559,-15.198,12.817,21.851
0.428,-0.408,0.658,-17.822,11.719,19.348
0.445,-0.368,0.679,-20.752,14.832,12.085
0.442,-0.422,0.665,-24.597,15.808,5.920
0.423,-0.450,0.670,-24.963,11.536,3.479
0.378,-0.526,0.708,-20.142,9.766,5.676
0.360,-0.493,0.728,-16.174,9.583,9.766
0.350,-0.443,0.719,-23.743,12.085,13.916
0.336,-0.390,0.746,-30.029,12.817,13.062
0.300,-0.155,0.906,-31.494,17.883,8.728
0.310,-0.085,0.837,-30.090,27.588,-1.221
0.325,-0.064,0.730,-28.259,38.086,-28.503
0.328,-0.038,0.613,-24.048,36.560,-41.443
0.304,-0.017,0.642,-17.700,32.837,-53.711
0.278,0.026,0.687,-6.958,34.485,-79.773
0.266,0.094,0.687,-4.883,39.490,-96.497
0.274,0.290,0.609,-3.174,42.236,-117.187
0.301,0.375,0.580,-2.747,40.039,-141.174
0.330,0.463,0.583,-13.916,22.522,-196.960
0.323,0.422,0.590,-23.193,11.353,-229.858
0.276,0.167,0.542,-32.410,0.000,-261.841
0.190,-0.300,0.505,-41.687,-28.870,-294.006
0.113,-0.731,0.529,-26.428,-41.138,-281.799
0.092,-0.897,0.645,-7.202,-49.805,-260.742
0.082,-0.857,0.785,1.587,-55.298,-241.516
0.063,-0.812,0.912,-8.667,-46.631,-214.661
-0.009,-0.866,0.911,-22.583,-37.537,-208.008
-0.068,-0.979,0.798,-35.217,-31.921,-203.247
-0.132,-1.105,0.716,-35.583,-39.917,-182.495
-0.188,-1.197,0.710,-24.658,-47.791,-164.917
-0.262,-1.270,0.899,-14.526,-52.307,-146.240
-0.280,-1.256,1.001,-9.460,-50.049,-128.296
-0.283,-1.203,1.040,-11.719,-27.039,-98.022
-0.255,-1.084,0.911,-14.709,-13.184,-87.402
-0.230,-1.068,0.795,-15.564,-3.479,-79.224
-0.203,-1.064,0.700,-3.601,-2.075,-63.538
-0.169,-1.042,0.646,4.761,-8.423,-55.298
-0.117,-0.949,0.759,7.812,-15.686,-47.852
-0.110,-0.894,0.830,4.822,-19.714,-41.382
-0.110,-0.833,0.852,-5.676,-16.235,-32.776
-0.105,-0.720,0.751,-9.399,-12.329,-33.264
-0.098,-0.725,0.676,-12.451,-10.742,-35.950
-0.101,-0.768,0.620,-15.747,-18.372,-36.560
-0.109,-0.814,0.598,-14.404,-24.536,-32.959
-0.133,-0.848,0.623,-13.062,-29.480,-28.076
-0.145,-0.864,0.635,-14.954,-32.593,-22.766
-0.161,-0.888,0.615,-30.090,-34.851,-10.071
-0.215,-1.044,0.448,-41.382,-37.415,-1.526
-0.278,-1.263,0.357,-55.786,-43.701,11.414
-0.372,-1.545,0.310,-82.581,-63.293,67.261
-0.547,-1.701,0.362,-84.167,-71.594,111.572
-0.591,-1.496,0.434,-80.261,-78.613,158.386
-0.620,-1.149,0.590,-78.857,-84.595,198.791
-0.609,-0.824,0.665,-90.027,-74.829,230.286
-0.495,-0.579,0.606,-98.145,-71.228,230.041
-0.447,-0.563,0.605,-105.347,-74.402,229.797
-0.447,-0.518,0.679,-109.924,-88.379,234.863
-0.435,-0.217,0.955,-99.670,-87.097,232.727
-0.376,-0.036,1.074,-84.290,-80.017,223.755
-0.305,0.090,1.190,-68.787,-71.045,207.642
-0.243,0.064,1.286,-52.856,-49.377,165.955
-0.203,-0.029,1.331,-48.279,-36.072,152.954
-0.166,0.076,1.237,-42.114,-21.851,143.494
-0.107,0.186,1.142,-28.809,-11.475,115.295
-0.038,0.148,1.212,-23.437,-15.625,98.450
-0.030,0.049,1.281,-17.517,-18.066,84.961
-0.021,-0.005,1.278,-4.456,-11.169,70.251
-0.013,-0.032,1.210,-1.587,-7.690,64.880
-0.029,-0.047,1.093,-1.404,-6.226,59.570
-0.035,0.020,1.074,-0.610,-5.249,53.101
-0.025,0.079,1.048,2.747,-1.831,28.931
-0.031,-0.122,0.937,-0.793,-2.380,14.282
-0.063,-0.338,0.909,-5.920,-5.554,5.066
-0.089,-0.464,0.927,-2.747,-11.780,11.047
-0.095,-0.472,0.949,1.892,-12.268,18.555
-0.086,-0.320,0.968,2.014,-12.451,23.437
-0.090,-0.247,0.995,-2.380,-11.597,23.193
-0.092,-0.263,0.989,-9.888,-4.639,10.437
-0.091,-0.417,0.903,-9.338,-2.625,6.836
-0.084,-0.417,0.876,-7.080,-2.991,7.141
-0.070,-0.397,0.871,-5.798,-7.629,8.850
-0.057,-0.394,0.883,-6.653,-9.827,9.277
-0.054,-0.379,0.919,-7.080,-11.169,9.949
-0.056,-0.339,0.948,-7.019,-11.169,9.338
-0.053,-0.336,0.966,-7.996,-6.653,2.258
-0.051,-0.415,0.959,-10.132,-3.723,0.366
-0.051,-0.437,0.936,-11.719,-1.160,1.221
-0.051,-0.428,0.913,-7.568,0.366,6.409
-0.047,-0.399,0.902,-3.601,-0.916,7.629
-0.034,-0.371,0.905,-0.366,-2.930,7.812
-0.032,-0.383,0.914,1.709,-4.944,7.812
-0.033,-0.377,0.931,2.319,-6.470,8.301
-0.038,-0.364,0.958,-0.488,-4.639,6.531
-0.041,-0.406,0.924,-4.456,-1.770,4.333
-0.042,-0.439,0.867,-5.554,-1.526,6.409
-0.040,-0.431,0.837,-2.686,-5.737,9.277
-0.411,-1.578,0.908,0.122,-40.222,182.434
-0.466,-0.863,1.175,-0.244,-20.874,216.736
-0.313,-0.090,1.295,9.827,61.523,205.444
0.328,1.472,0.828,12.451,95.398,165.161
0.676,2.271,0.288,7.324,106.262,101.013
0.929,2.619,-0.035,-17.639,39.734,-109.497
0.961,2.257,-0.013,-20.142,-9.338,-213.013
0.539,0.344,0.521,-21.179,-43.579,-276.367
0.260,-0.351,0.800,-30.273,-56.091,-294.434
-0.116,-0.959,0.806,-81.421,-43.518,-265.381
-0.821,-2.291,0.595,-90.454,-46.509,-232.422
-0.945,-2.513,0.704,-67.322,-56.152,-184.998
-0.954,-2.478,0.865,9.338,-54.443,-87.646
-0.892,-2.355,0.908,33.630,-37.781,-48.218
-0.605,-1.954,0.613,45.593,-22.339,-13.733
-0.421,-1.611,0.532,47.913,-15.869,15.076
-0.239,-1.247,0.558,32.166,-18.982,41.016
0.022,-0.824,0.692,21.301,-20.813,37.842
0.082,-0.748,0.776,15.564,-22.583,30.090
0.114,-0.720,0.856,13.855,-21.790,12.573
0.121,-0.738,0.927,9.766,-18.372,5.554
0.085,-0.887,1.040,6.042,-13.245,1.404
0.059,-0.986,1.080,4.333,-6.653,1.587
0.031,-1.087,1.118,-2.380,10.986,16.113
-0.021,-1.219,1.206,-5.371,22.217,29.236
-0.029,-1.231,1.216,-5.859,34.851,44.128
-0.019,-1.249,1.201,-2.747,54.443,73.303
-0.009,-1.248,1.179,0.183,59.204,88.440
-0.038,-1.029,1.169,3.906,67.017,100.769
-0.033,-0.912,1.039,5.432,80.383,107.239
-0.015,-0.854,0.854,-2.808,100.220,109.192
-0.014,-0.755,0.678,-6.775,101.624,110.413
-0.011,-0.637,0.656,-5.615,105.591,109.558
0.024,-0.590,0.535,1.221,120.544,93.445
0.059,-0.585,0.405,4.089,119.385,84.167
0.129,-0.524,0.293,8.484,114.075,75.378
0.179,-0.460,0.281,12.024,108.032,65.735
0.228,-0.451,0.268,5.859,93.994,41.626
0.275,-0.582,0.201,-0.916,85.449,32.166
0.286,-0.646,0.183,-4.639,75.623,26.611
0.300,-0.668,0.200,1.465,56.335,23.926
0.312,-0.651,0.266,5.310,50.110,22.766
0.336,-0.633,0.373,5.676,47.729,20.203
0.338,-0.667,0.384,0.488,46.875,17.273
0.333,-0.711,0.390,-12.207,44.434,14.771
0.336,-0.751,0.393,-12.268,43.823,15.747
0.352,-0.753,0.399,-10.437,43.274,17.395
0.366,-0.747,0.426,-6.775,39.429,20.386
0.382,-0.728,0.436,-3.845,36.987,20.386
0.413,-0.687,0.389,-1.648,33.508,19.470
0.424,-0.661,0.352,-0.549,29.663,18.005
0.429,-0.645,0.308,-4.883,21.729,13.306
0.421,-0.609,0.330,-8.789,17.700,10.498
0.419,-0.609,0.367,-10.803,15.259,7.202
0.409,-0.625,0.392,-7.385,12.268,2.075
0.388,-0.617,0.417,-5.127,10.681,0.366
0.346,-0.570,0.450,-5.981,9.399,-2.930
0.324,-0.582,0.500,-9.155,7.996,-7.385
0.302,-0.603,0.556,-15.320,8.423,-13.672
0.270,-0.588,0.635,-15.625,10.315,-14.893
0.265,-0.540,0.639,-14.282,13.123,-16.479
0.266,-0.500,0.606,-12.390,18.616,-24.658
0.266,-0.475,0.581,-8.911,19.104,-29.724
0.268,-0.415,0.631,-1.648,19.470,-34.668
0.270,-0.360,0.720,5.188,21.484,-39.734
0.270,-0.287,0.804,1.831,37.048,-54.199
0.283,-0.148,0.719,-4.822,48.828,-65.735
0.306,-0.097,0.590,-8.911,58.167,-80.933
0.338,-0.067,0.479,-8.911,59.143,-120.483
0.353,-0.047,0.449,-9.399,53.284,-143.250
0.309,-0.090,0.505,-11.658,48.706,-168.091
0.255,-0.282,0.505,-17.029,46.143,-193.176
0.186,-0.611,0.476,-32.837,44.678,-221.130
0.100,-1.096,0.402,-31.128,45.837,-215.576
0.105,-1.096,0.400,-20.142,47.241,-202.637
0.102,-1.051,0.426,-8.057,47.180,-180.054
0.072,-1.076,0.446,-11.963,46.448,-171.509
0.005,-1.229,0.373,-14.221,44.067,-161.621
-0.023,-1.252,0.365,-13.123,39.307,-150.635
-0.047,-1.229,0.387,-8.057,29.663,-130.554
-0.096,-1.212,0.372,-8.240,26.367,-122.864
-0.118,-1.265,0.350,-7.935,22.034,-115.601
-0.133,-1.356,0.343,-1.709,9.521,-95.032
-0.144,-1.418,0.375,3.235,4.395,-80.078
-0.132,-1.295,0.473,7.385,2.686,-65.125
-0.119,-1.193,0.480,8.850,4.517,-53.894
-0.103,-1.155,0.444,5.859,9.155,-43.823
-0.079,-1.239,0.386,5.066,7.568,-38.513
-0.063,-1.210,0.397,6.714,4.700,-30.273
-0.042,-1.116,0.410,9.033,1.343,-17.395
-0.027,-1.036,0.405,7.202,0.244,-16.785
-0.027,-0.996,0.394,6.470,-1.099,-18.127
-0.029,-1.000,0.408,7.874,-2.625,-19.531
-0.031,-1.014,0.443,8.972,-4.761,-18.250
-0.043,-1.008,0.498,6.775,-3.479,-15.259
-0.045,-0.965,0.484,4.456,-0.793,-12.146
-0.045,-0.935,0.453,1.587,0.793,-10.315
-0.043,-0.922,0.462,1.892,-1.831,-10.193
-0.040,-0.884,0.510,3.357,-4.333,-10.071
-0.037,-0.837,0.549,4.395,-4.578,-11.108
-0.038,-0.814,0.551,3.296,0.305,-18.555
-0.053,-0.870,0.515,2.380,2.197,-22.156
-0.061,-0.909,0.501,2.014,3.235,-23.560
-0.069,-0.959,0.481,0.000,3.784,-19.043
-0.084,-0.973,0.455,-1.831,3.845,-13.245
-0.083,-0.908,0.411,-3.174,4.883,-7.935
-0.085,-0.887,0.329,-7.629,5.249,-7.080
-0.103,-0.948,0.219,-10.010,1.160,-7.568
-0.172,-1.141,0.006,-11.169,-6.653,-4.639
-0.212,-1.161,-0.058,-10.803,-17.029,1.831
-0.250,-1.180,-0.095,-16.357,-38.696,17.761
-0.322,-1.332,-0.158,-23.437,-47.974,28.381
-0.347,-1.329,-0.164,-30.029,-56.091,42.908
-0.352,-1.202,-0.150,-35.583,-66.589,68.970
-0.333,-1.041,-0.151,-38.330,-71.716,71.533
-0.282,-0.993,-0.148,-39.917,-80.994,69.275
-0.261,-1.029,-0.055,-38.452,-94.421,67.261
-0.238,-1.043,0.114,-34.363,-119.141,70.435
-0.216,-1.053,0.446,-36.621,-123.169,74.707
-0.215,-1.060,0.487,-41.626,-120.789,80.505
-0.217,-1.041,0.449,-53.284,-114.990,95.581
-0.223,-0.996,0.399,-57.068,-119.141,102.844
-0.253,-0.744,0.560,-55.542,-125.183,107.239
-0.238,-0.610,0.654,-48.096,-126.343,105.286
-0.207,-0.584,0.654,-36.072,-120.300,88.074
-0.198,-0.732,0.654,-34.058,-122.437,83.252
-0.196,-0.708,0.768,-30.090,-126.282,82.947
-0.175,-0.623,0.932,-20.813,-120.666,80.078
-0.147,-0.579,1.059,-22.156,-108.826,74.402
-0.120,-0.628,1.034,-26.184,-95.703,69.153
-0.113,-0.638,0.953,-29.663,-86.182,65.796
-0.110,-0.615,0.920,-31.372,-81.177,60.913
-0.097,-0.535,1.027,-27.283,-78.857,55.847
-0.077,-0.550,1.082,-19.775,-73.853,48.767
-0.059,-0.575,1.129,-8.606,-58.960,35.950
-0.050,-0.587,1.167,-7.568,-47.791,30.212
-0.057,-0.674,1.088,-9.399,-34.607,25.146
-0.067,-0.705,0.985,-12.024,-22.339,22.156
-0.071,-0.697,0.863,-13.000,-9.338,19.592
-0.080,-0.685,0.715,-10.803,-11.108,17.639
-0.083,-0.687,0.739,-6.409,-16.296,15.625
-0.078,-0.688,0.819,2.136,-21.545,12.085
-0.069,-0.703,0.910,-0.793,-15.259,10.010
-0.064,-0.790,0.864,-7.874,-4.822,8.728
-0.071,-0.814,0.746,-14.099,4.272,9.521
-0.079,-0.780,0.664,-13.367,7.751,12.939
-0.069,-0.681,0.623,-9.949,6.531,10.132
-0.065,-0.723,0.588,-8.057,4.761,4.944
-0.065,-0.768,0.571,-4.395,-4.211,1.587
-0.062,-0.766,0.591,-1.648,-8.362,3.113
-0.706,-0.497,2.753,7.568,-207.825,12.024
-0.768,-0.347,2.656,-27.893,-63.354,5.798
-0.777,-0.461,2.205,-36.377,-3.235,-8.484
-0.685,-0.950,1.288,-29.907,30.762,-9.949
-0.598,-0.941,1.044,-12.268,45.044,1.953
-0.502,-0.785,0.893,9.155,46.448,28.198
-0.359,-0.472,0.738,3.723,42.908,30.701
-0.316,-0.475,0.687,-6.531,39.001,26.978
-0.290,-0.525,0.671,-13.489,28.076,21.973
-0.269,-0.535,0.667,-7.507,22.217,24.170
-0.228,-0.445,0.686,-2.014,15.320,26.367
-0.223,-0.386,0.757,1.343,7.568,27.344
-0.226,-0.296,0.858,3.784,0.061,21.057
-0.223,-0.218,1.018,-0.305,3.113,11.719
-0.222,-0.274,0.996,-9.521,10.376,1.099
-0.221,-0.392,0.881,-27.161,24.048,-11.475
-0.220,-0.519,0.751,-25.574,22.339,-7.629
-0.214,-0.585,0.717,-16.785,15.686,2.136
-0.208,-0.480,0.821,-6.226,8.240,13.245
-0.198,-0.325,0.918,1.404,4.639,20.508
-0.196,-0.161,1.145,-5.798,7.507,13.733
-0.222,-0.219,1.285,-15.015,14.099,3.967
-0.258,-0.360,1.388,-18.921,37.537,-6.348
-0.292,-0.500,1.451,-11.169,49.194,-0.732
-0.318,-0.542,1.574,-1.343,58.289,10.315
-0.320,-0.466,1.670,7.629,65.613,23.315
-0.331,-0.298,1.759,29.175,90.820,38.696
-0.303,-0.100,1.609,37.048,112.854,30.701
-0.276,-0.236,1.395,33.997,133.911,16.907
-0.244,-0.445,1.124,16.113,158.447,4.822
-0.199,-0.620,0.836,12.329,157.959,11.902
-0.095,-0.665,0.455,9.216,148.437,23.926
-0.056,-0.509,0.420,5.493,134.338,34.363
-0.010,-0.375,0.406,1.953,110.779,27.161
0.073,-0.422,0.457,0.488,98.755,17.334
0.094,-0.482,0.536,-1.770,86.243,12.024
0.102,-0.510,0.631,-9.094,68.604,13.428
0.105,-0.536,0.711,-14.221,65.002,16.602
0.111,-0.486,0.806,-17.090,63.416,20.752
0.114,-0.377,0.840,-16.235,62.561,23.682
0.114,-0.248,0.908,-11.230,63.171,14.771
0.119,-0.195,0.946,-12.268,67.139,1.709
0.126,-0.335,0.888,-15.991,70.984,-11.902
0.133,-0.530,0.812,-15.320,69.397,-18.188
0.141,-0.678,0.765,-6.531,64.270,-7.935
0.172,-0.578,0.800,3.967,59.326,4.944
0.190,-0.433,0.810,9.949,56.396,13.489
0.211,-0.327,0.792,4.639,54.932,8.850
0.260,-0.362,0.711,0.427,53.345,1.221
0.275,-0.415,0.713,-2.258,49.561,-3.845
0.286,-0.452,0.728,-4.272,40.833,-4.456
0.294,-0.460,0.734,-4.944,37.476,-2.686
0.309,-0.407,0.672,-6.897,34.912,-2.075
0.315,-0.403,0.627,-10.132,31.921,-3.418
0.317,-0.425,0.620,-12.695,20.813,-6.470
0.294,-0.399,0.757,-10.925,15.747,-6.165
0.281,-0.359,0.799,-9.094,14.709,-6.714
0.274,-0.345,0.778,-12.146,18.738,-12.268
0.270,-0.360,0.716,-15.869,17.700,-13.977
0.250,-0.374,0.661,-17.456,13.794,-13.611
0.231,-0.336,0.686,-16.052,9.033,-11.719
0.208,-0.250,0.725,-12.024,4.639,-11.108
0.166,-0.092,0.712,-13.916,6.042,-16.296
0.155,-0.067,0.671,-17.273,7.996,-24.231
0.152,-0.052,0.643,-16.296,8.850,-39.917
0.160,-0.017,0.621,-12.573,7.141,-46.387
0.186,0.079,0.576,-10.376,3.357,-53.040
0.205,0.126,0.545,-8.850,-1.343,-60.913
0.231,0.155,0.511,-5.432,-12.451,-83.130
0.265,0.140,0.497,-4.272,-19.775,-96.313
0.264,0.050,0.519,-3.845,-27.649,-109.863
0.254,-0.085,0.545,2.869,-44.128,-128.052
0.238,-0.196,0.598,11.719,-52.856,-129.822
0.198,-0.347,0.852,18.616,-59.570,-129.089
0.156,-0.392,0.968,20.508,-61.096,-127.197
0.120,-0.396,1.017,20.447,-51.514,-123.230
0.052,-0.454,1.025,18.066,-45.593,-124.695
0.016,-0.551,0.976,13.977,-40.710,-127.991
-0.021,-0.689,0.917,10.071,-39.673,-127.747
-0.060,-0.833,0.886,12.390,-43.457,-119.568
-0.138,-0.983,0.992,16.846,-47.180,-107.300
-0.163,-0.975,1.111,20.508,-47.729,-94.482
-0.178,-0.967,1.195,16.907,-32.715,-74.036
-0.182,-0.989,1.125,10.498,-21.667,-65.491
-0.175,-0.984,1.043,5.127,-13.367,-57.312
-0.166,-0.939,0.989,4.028,-7.324,-44.250
-0.148,-0.885,0.944,4.883,-7.385,-40.833
-0.100,-0.857,0.914,5.371,-9.827,-37.415
-0.085,-0.826,0.966,7.812,-13.062,-32.593
-0.074,-0.775,1.012,12.146,-11.230,-24.414
-0.056,-0.748,0.958,9.399,-6.775,-23.193
-0.052,-0.748,0.904,5.798,-2.991,-22.217
-0.050,-0.739,0.863,4.944,-0.061,-18.860
-0.049,-0.739,0.830,5.127,0.183,-17.517
-0.051,-0.822,0.754,3.418,-0.244,-15.808
-0.057,-0.880,0.714,-0.671,-1.465,-12.329
-0.065,-0.923,0.672,-9.705,-5.615,1.343
-0.077,-0.955,0.580,-13.306,-8.423,9.521
-0.080,-0.983,0.525,-17.212,-11.597,17.212
-0.083,-1.028,0.464,-26.611,-20.935,32.532
-0.091,-1.083,0.415,-32.043,-28.259,42.053
-0.139,-1.121,0.432,-36.743,-36.377,52.979
-0.172,-1.100,0.480,-40.955,-43.640,64.514
-0.205,-1.061,0.522,-51.270,-52.185,86.426
-0.253,-0.953,0.576,-55.298,-54.199,96.069
-0.269,-0.913,0.616,-58.472,-56.274,105.164
-0.286,-0.833,0.669,-62.988,-59.387,122.253
-0.295,-0.738,0.692,-63.843,-59.570,127.075
-0.306,-0.653,0.717,-64.758,-60.791,131.104
-0.310,-0.607,0.763,-63.721,-63.049,135.925
-0.308,-0.505,0.847,-54.687,-68.054,147.095
-0.287,-0.146,1.087,-52.002,-67.688,147.522
-0.260,-0.047,1.136,-51.453,-62.683,140.198
-0.230,-0.049,1.143,-49.377,-49.805,118.835
-0.206,-0.080,1.152,-44.861,-45.898,113.037
-0.172,-0.010,1.215,-38.696,-43.213,109.497
-0.165,0.032,1.269,-34.241,-40.710,105.347
-0.163,0.062,1.324,-30.212,-31.311,93.994
-0.145,0.118,1.316,-26.306,-24.048,87.097
-0.132,0.137,1.274,-20.996,-17.517,79.224
-0.122,0.121,1.240,-12.268,-10.986,61.096
-0.117,0.060,1.204,-9.277,-9.399,53.284
-0.120,-0.073,1.116,-6.714,-8.240,48.218
-0.123,-0.081,1.077,-4.395,-7.263,45.288
-0.127,-0.065,1.035,-3.906,-4.150,38.025
-0.129,-0.077,0.973,-7.080,-3.235,32.410
-0.125,-0.117,0.965,-10.193,-3.296,27.039
-0.122,-0.161,0.961,-8.606,-4.211,20.386
-0.121,-0.183,0.955,-5.737,-4.700,19.043
-0.116,-0.182,0.951,-4.517,-5.127,17.456
-0.108,-0.186,0.955,-5.432,-5.371,15.137
-0.101,-0.198,0.957,-10.437,-4.517,9.094
-0.086,-0.254,0.921,-13.062,-3.784,6.592
-0.078,-0.281,0.916,-14.282,-4.150,5.554
-0.075,-0.290,0.954,-11.841,-6.165,7.629
-0.079,-0.276,1.001,-10.437,-4.333,8.362
-0.078,-0.260,0.957,-9.705,-1.404,7.812
-0.068,-0.254,0.902,-8.240,0.000,7.019
-0.056,-0.230,0.874,-3.601,-4.639,3.296
-0.051,-0.299,0.944,-3.784,-7.874,-0.305
-0.060,-0.338,0.983,-4.822,-9.033,-1.831
-0.068,-0.318,0.995,-6.836,-5.798,-0.183
-0.073,-0.273,0.997,-9.583,-3.479,-1.648
-0.072,-0.313,0.998,-12.085,-1.038,-4.272
-0.069,-0.359,0.969,-12.146,0.916,-5.188
-0.068,-0.373,0.938,-5.676,-0.183,-0.366
-0.078,-0.327,0.973,-1.770,-2.075,1.892
-0.081,-0.304,0.988,0.671,-2.319,2.441
-0.079,-0.304,0.974,-2.319,-0.366,0.183
-0.074,-0.314,0.956,-4.578,-0.427,-0.427
-0.588,1.690,-0.329,-15.625,-42.297,-101.440
-0.560,1.670,-0.075,2.258,-47.546,-159.180
-0.521,1.593,0.174,12.085,-36.011,-190.674
-0.430,1.257,0.402,13.672,-19.653,-221.497
-0.369,1.031,0.472,-3.174,-5.310,-249.512
-0.270,0.621,0.547,-54.565,15.930,-297.668
0.294,-1.535,0.433,-86.853,18.311,-289.062
0.755,-2.793,0.411,-136.475,5.676,-226.929
1.101,-3.717,0.538,-195.374,-17.273,48.767
1.090,-3.853,0.729,-141.968,8.606,230.164
-0.084,-2.059,0.747,-42.114,58.716,395.813
-0.923,-0.900,0.532,58.655,120.239,522.583
-1.737,0.375,0.209,167.603,214.233,635.071
-2.821,3.387,-0.520,179.993,223.389,608.459
-2.891,4.000,-1.215,164.124,202.454,512.634
-2.652,4.000,-1.735,55.847,50.964,172.607
-2.265,3.823,-1.621,-7.324,-41.443,20.325
-1.492,1.974,-0.142,-52.734,-97.778,-77.637
-1.144,1.109,0.377,-69.763,-105.835,-121.338
-0.843,0.547,0.522,-31.677,-37.903,-99.243
-0.505,0.403,0.183,-2.075,-1.770,-64.941
-0.472,0.673,-0.072,20.020,22.217,-34.363
-0.477,0.941,-0.307,30.457,23.987,-20.020
-0.480,1.057,-0.464,15.564,3.845,-32.715
-0.445,0.806,-0.278,-4.150,-20.447,-46.082
-0.426,0.624,-0.049,-15.869,-36.560,-51.758
-0.418,0.502,0.055,-7.324,-24.841,-34.851
-0.465,0.579,-0.140,4.822,-10.498,-18.188
-0.534,0.792,-0.230,17.761,-0.854,-2.747
-0.624,1.055,-0.271,42.297,8.362,4.700
-0.709,1.298,-0.321,54.138,11.353,-6.592
-0.817,1.567,-0.532,65.674,10.864,-25.208
-0.831,1.594,-0.583,77.942,5.127,-47.546
-0.822,1.583,-0.535,111.145,-10.315,-93.018
-0.758,1.498,-0.223,131.165,-11.902,-113.770
-0.726,1.450,-0.095,147.278,-6.409,-132.446
-0.692,1.384,-0.082,173.828,12.939,-163.391
-0.656,1.319,-0.094,177.368,14.221,-174.988
-0.611,1.247,-0.042,169.189,12.451,-185.486
-0.582,1.172,-0.056,147.705,10.132,-197.693
-0.527,1.039,-0.072,99.854,-2.319,-222.717
-0.367,0.701,0.079,79.712,-12.329,-229.187
-0.270,0.589,0.258,60.120,-19.897,-229.736
-0.146,0.526,0.405,17.883,-17.639,-215.454
-0.026,0.472,0.502,-50.781,-12.817,-205.627
0.036,0.103,0.286,-97.412,-8.789,-188.843
0.084,0.141,0.100,-90.698,-7.263,-160.583
0.126,0.264,-0.008,-37.354,-22.583,-105.896
0.165,0.452,0.253,-26.978,-33.875,-87.402
0.159,0.562,0.414,-30.701,-37.415,-72.327
0.137,0.696,0.475,-44.067,-21.057,-56.946
0.114,0.782,0.425,-49.377,-10.986,-57.739
0.115,0.770,0.167,-54.504,-6.042,-59.326
0.128,0.754,0.095,-59.448,-7.446,-58.960
0.138,0.755,0.085,-55.176,-17.151,-52.979
0.171,0.714,0.078,-47.424,-19.226,-48.767
0.193,0.693,0.042,-40.527,-19.653,-42.786
0.206,0.716,0.044,-35.034,-21.606,-26.123
0.203,0.789,0.074,-32.715,-19.409,-19.775
0.188,0.923,0.054,-29.968,-14.771,-17.822
0.192,0.902,0.014,-30.029,-11.475,-19.592
0.199,0.851,-0.000,-36.072,-14.343,-22.400
0.194,0.795,-0.002,-35.278,-16.479,-20.325
0.188,0.772,-0.038,-32.837,-17.395,-16.724
0.184,0.726,-0.083,-38.757,-20.813,-5.432
0.180,0.688,-0.102,-39.124,-23.499,2.502
0.162,0.675,-0.067,-31.372,-24.536,9.766
0.153,0.672,-0.089,-21.667,-24.170,14.893
0.152,0.640,-0.131,-23.437,-29.175,20.691
0.176,0.536,-0.163,-34.424,-34.851,25.818
0.180,0.495,-0.203,-44.067,-39.429,33.691
0.176,0.464,-0.292,-51.086,-49.622,53.894
0.168,0.438,-0.408,-50.232,-58.899,64.697
0.164,0.334,-0.535,-45.410,-71.350,76.843
0.164,0.283,-0.549,-38.330,-84.656,91.187
0.157,0.242,-0.563,-19.958,-108.337,127.625
0.101,0.224,-0.609,-3.784,-118.530,149.963
0.036,0.282,-0.642,14.587,-128.906,173.340
-0.056,0.395,-0.589,30.212,-157.776,212.769
-0.172,0.628,-0.379,29.175,-167.969,221.619
-0.342,1.244,0.293,30.518,-163.147,216.858
-0.368,1.416,0.433,31.006,-141.846,201.050
-0.379,1.429,0.295,27.954,-89.478,158.936
-0.445,1.070,-0.351,29.053,-83.435,143.738
-0.520,0.910,-0.473,28.931,-96.558,137.390
-0.609,0.879,-0.302,26.489,-142.578,143.921
-0.696,1.007,0.125,27.710,-148.743,146.545
-0.780,1.425,0.942,32.471,-131.897,140.564
-0.763,1.446,0.932,39.246,-97.229,124.756
-0.737,1.358,0.693,38.940,-33.508,87.708
-0.696,1.189,0.184,27.161,-22.888,74.829
-0.672,1.138,0.060,12.329,-24.597,65.125
-0.641,1.075,0.053,-5.066,-43.396,50.781
-0.607,1.010,0.141,-6.775,-49.377,47.668
