aX,aY,aZ,gX,gY,gZ
-0.210,4.000,-0.976,211.670,143.372,22.156
0.288,4.000,-2.266,192.749,32.898,-216.980
0.114,3.969,-2.516,189.392,-114.441,-386.353
-1.684,-0.170,-0.160,216.553,-250.854,-538.452
-2.224,-3.440,2.201,250.427,-337.341,-571.960
-2.129,-4.000,4.000,190.613,-100.952,-120.789
-0.580,-2.072,1.734,79.163,166.138,69.031
0.122,-0.902,-0.468,-3.296,306.274,96.436
0.510,0.266,-1.729,-6.897,158.691,32.349
0.721,1.110,-2.004,-24.902,6.653,8.118
0.255,1.752,-0.430,-50.049,-127.747,-5.554
-0.117,1.911,0.706,-67.200,-206.238,-26.062
-0.363,1.995,1.330,-92.651,-208.984,-101.562
-0.562,1.997,1.880,-89.783,-175.232,-144.470
-0.471,1.624,1.583,-64.270,-124.573,-178.955
-0.349,1.057,1.110,11.719,-52.368,-186.523
-0.306,0.442,0.955,33.630,-40.894,-163.025
-0.368,-0.137,1.265,38.818,-25.146,-136.292
-0.354,-0.075,1.196,30.701,-2.319,-120.361
-0.265,-0.012,0.927,8.179,21.545,-129.700
-0.032,-0.021,0.569,7.751,11.963,-135.620
0.014,0.076,0.594,19.043,-1.648,-135.071
0.010,0.195,0.718,52.246,-15.869,-132.935
-0.011,0.310,0.834,70.313,-12.634,-136.536
-0.051,0.295,0.950,82.092,-7.324,-143.250
-0.071,0.280,1.004,87.219,-2.319,-148.560
-0.056,0.311,0.943,85.083,4.456,-153.442
-0.031,0.564,0.808,82.642,0.488,-155.457
-0.024,0.668,0.738,87.708,-5.310,-162.109
-0.017,0.576,0.742,108.582,-20.752,-182.312
-0.025,0.281,0.854,111.633,-23.743,-181.152
-0.016,-0.326,1.252,103.699,-18.616,-164.612
0.014,-0.060,1.247,88.318,-4.700,-139.709
0.081,0.196,1.036,47.791,23.437,-135.925
0.226,-0.054,0.710,33.325,22.766,-147.217
0.282,-0.278,0.653,30.762,15.564,-148.926
0.327,-0.533,0.674,36.072,-3.662,-121.887
0.351,-0.697,0.754,36.438,-7.874,-97.656
0.375,-0.654,0.689,28.748,-8.423,-75.928
0.358,-0.591,0.600,9.888,-9.888,-60.486
0.329,-0.427,0.455,-28.625,-17.639,-48.950
0.254,-0.153,0.165,-37.231,-29.358,-55.359
0.212,-0.177,0.122,-38.330,-45.349,-65.796
0.191,-0.254,0.057,-21.545,-74.646,-75.439
0.185,-0.221,-0.062,-14.465,-88.928,-75.806
0.194,0.208,-0.428,-18.066,-106.262,-84.351
0.157,0.396,-0.494,-30.579,-130.859,-103.821
0.057,0.513,-0.365,-38.391,-195.984,-156.433
-0.184,-0.627,0.451,-39.490,-224.976,-174.622
-0.261,-1.396,1.136,-43.335,-243.408,-158.203
-0.307,-1.308,1.642,-26.367,-213.135,-37.659
-0.354,-0.705,1.886,-41.565,-178.345,-4.211
-0.452,0.152,1.998,-68.604,-141.602,-2.014
-0.439,0.092,1.796,-89.661,-108.521,-16.724
-0.419,-0.214,1.639,-101.074,-85.999,-25.330
-0.487,-0.651,1.592,-82.581,-83.313,-5.188
-0.553,-0.804,1.715,-54.565,-79.529,22.583
-0.609,-0.767,1.920,-12.573,-60.425,86.914
-0.630,-0.468,2.043,-16.479,-35.522,106.079
-0.535,0.020,1.680,-37.476,-8.057,106.323
-0.448,-0.177,1.324,-61.646,9.583,94.666
-0.384,-0.609,1.073,-75.134,5.066,104.004
-0.418,-0.986,0.948,-64.514,-4.761,141.235
-0.483,-0.786,0.939,-55.786,-13.489,186.829
-0.568,-0.538,0.924,-70.496,-24.841,256.165
-0.675,-0.188,1.000,-67.993,-21.301,272.278
-0.733,0.625,1.104,-53.223,-4.700,267.639
-0.679,0.784,0.978,-43.396,17.029,244.934
-0.622,0.766,0.829,-51.941,36.743,194.397
-0.538,0.768,0.661,-46.204,33.142,183.533
-0.498,0.902,0.658,-23.560,24.414,177.856
-0.481,0.976,0.794,21.301,-0.549,156.311
-0.496,0.969,1.041,38.635,-3.540,142.456
-0.535,0.731,1.510,54.687,2.319,131.409
-0.560,0.673,1.697,59.753,11.719,126.953
-0.294,1.552,0.984,-99.792,168.335,-23.010
-0.393,1.574,0.181,-135.620,197.632,-52.673
-0.350,1.459,-0.690,-189.758,160.400,-103.210
0.331,0.960,-2.643,-175.049,112.976,-122.437
0.933,-0.122,-3.732,-92.285,67.261,-143.311
1.345,-1.189,-4.000,212.769,-101.868,-49.194
1.194,-1.122,-4.000,325.378,-229.553,51.758
-0.150,-0.271,1.089,327.881,-328.369,126.343
-0.849,0.874,3.952,234.802,-314.148,186.401
-1.237,2.231,4.000,26.184,-30.151,122.009
-0.568,1.086,3.765,-86.487,45.044,11.108
-0.088,0.265,2.530,-191.284,89.661,-44.067
0.202,0.163,0.899,-247.314,149.353,-4.150
0.331,0.447,-0.421,-248.352,135.071,15.808
0.326,0.816,-1.640,-248.413,107.300,19.287
0.275,0.818,-1.925,-226.746,81.116,15.442
0.184,0.827,-2.159,-125.122,36.987,14.282
-0.010,0.954,-2.143,-98.877,5.249,19.287
-0.056,0.968,-1.920,-87.402,-28.625,22.827
-0.097,1.011,-1.747,-58.411,-76.599,21.118
-0.119,1.023,-1.680,-51.514,-95.703,14.709
-0.083,0.894,-1.296,-74.646,-115.234,11.230
-0.077,0.843,-1.076,-115.051,-129.761,12.268
-0.059,0.761,-0.833,-122.375,-142.944,17.944
-0.067,0.781,-0.483,-86.487,-136.536,21.790
-0.115,0.896,-0.578,-52.490,-125.000,24.109
-0.152,1.014,-0.675,-59.814,-129.150,22.400
-0.155,1.074,-0.686,-76.294,-142.700,18.250
-0.022,0.975,-0.175,-75.806,-152.527,15.442
0.058,0.966,0.086,-55.176,-148.315,15.076
0.112,0.933,0.123,31.433,-112.793,10.559
0.155,0.870,0.025,45.959,-106.018,13.184
0.172,0.882,0.182,27.832,-108.826,19.958
0.196,0.904,0.395,-10.681,-101.013,29.846
0.218,0.947,0.521,-5.127,-84.045,29.785
0.226,0.957,0.232,8.606,-67.505,26.978
0.235,0.920,0.070,14.587,-60.242,24.841
0.241,0.917,0.026,1.709,-59.631,27.710
0.247,0.888,-0.089,-0.183,-56.519,28.809
0.256,0.861,-0.100,3.174,-54.565,29.053
0.237,0.891,-0.103,4.944,-50.171,26.733
0.205,0.921,-0.140,-5.005,-47.546,22.461
0.210,0.870,-0.279,-21.973,-45.105,18.066
0.242,0.833,-0.400,-39.307,-43.579,14.648
0.283,0.791,-0.447,-48.645,-48.279,11.658
0.364,0.634,-0.364,-38.269,-49.011,12.268
0.383,0.557,-0.296,-23.376,-46.692,15.320
0.380,0.494,-0.268,-1.221,-41.321,26.123
0.359,0.451,-0.234,-5.066,-44.983,33.020
0.344,0.271,0.045,-17.334,-50.781,40.100
0.376,0.065,0.262,-27.588,-53.894,49.316
0.386,-0.095,0.502,-11.597,-38.757,80.872
0.277,-0.341,0.646,14.221,-24.170,98.999
0.169,-0.325,0.688,32.410,-15.137,119.934
0.052,-0.151,0.777,11.475,-7.568,157.410
-0.057,0.103,0.805,-15.137,3.357,164.490
-0.123,0.252,0.473,-35.645,17.456,163.879
-0.093,0.207,0.324,-39.734,30.884,162.659
-0.120,0.346,0.147,-25.574,63.782,175.415
-0.328,1.049,-0.664,-17.456,74.280,178.528
-0.379,1.256,-0.932,-10.010,67.993,173.706
-0.396,1.375,-0.979,-16.541,27.832,158.875
-0.415,1.643,-0.634,-25.208,13.184,151.550
-0.477,1.927,-0.524,-30.762,11.902,141.846
-0.557,2.167,-0.663,-30.212,22.705,124.939
-0.606,2.235,-0.855,-25.635,29.602,77.881
-0.617,2.094,-0.498,-21.851,21.667,58.594
-0.611,1.924,-0.129,-3.174,21.545,42.053
-0.624,1.788,0.207,49.622,47.852,23.071
-0.758,1.896,0.608,56.641,65.002,16.968
-0.818,1.977,0.728,42.236,79.407,5.798
-0.838,1.949,0.767,-17.090,106.812,-35.706
-0.801,1.753,0.741,-43.152,120.666,-56.335
-0.679,1.268,0.532,-64.026,134.888,-69.031
-0.637,1.052,0.312,-75.500,148.132,-75.134
0.109,3.291,0.070,-236.816,79.773,46.936
0.483,3.958,-1.312,-249.023,75.989,-16.113
0.633,4.000,-1.989,-218.079,-83.252,-182.861
0.273,1.646,-1.148,-141.296,-168.762,-249.145
0.017,-0.780,-0.003,-47.607,-223.206,-259.155
-0.386,-2.343,1.622,40.466,-242.310,-184.082
-0.857,-2.544,3.283,118.408,-138.428,30.762
-1.041,-1.950,4.000,78.857,-26.611,55.542
-0.656,-2.050,3.029,32.166,80.505,42.786
-0.213,-1.969,1.754,56.824,165.649,82.947
0.175,-0.256,0.768,88.501,154.297,134.277
0.207,0.686,0.534,87.646,146.118,166.626
0.238,1.454,0.111,35.400,139.343,160.034
0.267,2.078,-0.326,16.602,114.868,130.493
0.211,2.687,-0.478,20.447,78.003,90.149
0.120,2.754,-0.313,35.034,39.063,47.119
0.011,2.844,-0.107,55.542,-26.306,-35.645
-0.118,2.534,0.082,63.354,-47.852,-83.618
-0.141,1.824,0.214,62.378,-64.148,-125.671
-0.189,1.420,0.326,97.107,-74.097,-139.709
-0.233,1.385,0.340,130.432,-73.669,-144.226
-0.214,1.253,0.259,150.757,-75.317,-161.377
-0.169,0.771,0.270,149.414,-80.505,-183.655
-0.130,0.150,0.445,128.784,-95.276,-181.213
-0.137,-0.032,0.774,146.790,-92.407,-151.978
-0.186,0.097,0.895,167.969,-85.815,-129.456
-0.260,0.163,1.116,134.094,-67.139,-127.563
-0.296,0.115,1.265,88.379,-50.842,-139.648
-0.188,-0.372,1.241,45.654,-36.987,-147.339
-0.119,-0.548,1.256,18.799,-27.771,-142.578
-0.074,-0.580,1.303,7.080,-13.733,-109.619
-0.014,-0.426,1.362,4.089,-6.042,-96.191
0.028,-0.424,1.345,-2.197,2.258,-89.294
0.095,-0.450,1.278,-10.254,18.555,-81.665
0.178,-0.476,1.172,-13.184,22.095,-75.928
0.297,-0.428,1.081,-15.442,22.217,-68.359
0.331,-0.378,1.014,-17.090,22.339,-60.364
0.340,-0.315,0.969,-31.799,20.935,-45.166
0.320,0.023,0.827,-34.729,22.766,-40.344
0.329,0.203,0.587,-31.982,23.010,-42.175
0.333,0.385,0.349,-11.169,-3.601,-67.200
0.328,0.518,0.132,2.502,-25.757,-89.478
0.308,0.643,-0.355,12.878,-51.025,-114.075
0.286,0.701,-0.625,19.470,-81.177,-139.832
0.247,0.589,-0.781,35.767,-162.903,-190.491
0.089,-0.607,-0.403,52.917,-204.285,-201.111
0.032,-1.697,0.249,56.274,-233.826,-186.523
-0.009,-2.127,0.862,29.419,-218.079,-46.997
-0.053,-1.451,1.001,10.559,-186.890,16.479
-0.143,0.363,0.559,-19.592,-168.335,30.029
-0.156,0.320,0.505,-49.011,-166.626,6.775
-0.180,-0.041,0.642,-44.434,-185.364,-17.212
-0.357,0.064,1.242,-10.742,-191.223,-0.977
-0.472,0.275,1.694,19.165,-190.124,11.292
-0.563,0.318,2.194,20.203,-152.405,6.165
-0.613,0.348,2.537,-1.770,-114.075,-1.404
-0.568,0.442,2.427,-23.804,-71.838,-12.634
-0.497,0.364,2.021,-31.555,-34.668,-26.489
-0.413,0.143,1.565,8.728,-5.798,-44.800
-0.346,-0.583,1.055,40.527,-15.625,-38.513
-0.413,-0.984,1.196,64.819,-35.217,-18.738
-0.537,-1.269,1.502,77.332,-56.519,54.626
-0.697,-1.333,1.791,59.387,-45.227,91.736
-0.971,-1.200,1.955,25.208,-21.362,117.493
-0.997,-1.194,1.727,-15.564,9.155,133.301
-0.939,-1.207,1.345,-71.411,54.626,159.851
-0.723,-0.820,0.549,-75.806,56.885,175.476
-0.607,-0.625,0.374,-74.768,44.006,187.012
-0.535,-0.453,0.379,-72.021,4.822,207.153
-0.512,-0.170,0.426,-60.730,-8.057,216.675
-0.494,0.597,0.590,-50.354,-18.921,218.506
-0.466,0.902,0.736,-49.377,-27.832,209.534
-0.411,1.083,0.825,-66.223,-30.518,169.800
-0.260,1.222,0.677,-70.801,-28.687,147.827
-0.210,1.241,0.572,-67.566,-31.738,127.136
-0.054,1.781,3.917,-21.362,-1.343,40.161
0.220,2.721,3.387,-34.790,82.825,6.653
0.406,2.960,2.384,8.179,183.105,-137.573
0.461,1.182,-0.321,82.947,174.805,-196.594
0.259,-0.167,-0.915,157.654,120.605,-219.971
-0.053,-1.460,-0.739,183.777,6.592,-177.551
-0.298,-2.399,-0.398,129.944,4.517,-129.089
-0.320,-2.638,-0.552,56.274,24.475,-78.491
-0.154,-2.404,-0.918,-11.597,38.513,-36.926
0.025,-2.168,-1.061,-35.706,-6.775,22.034
0.220,-1.808,-0.231,-0.732,-44.006,45.166
0.265,-1.595,0.264,30.396,-66.711,67.566
0.302,-1.246,0.562,54.260,-72.144,107.849
0.318,-0.823,0.667,56.519,-73.242,115.173
0.221,-0.418,0.908,55.481,-81.055,111.511
0.148,-0.370,1.229,53.833,-90.820,103.638
0.123,-0.286,1.589,57.251,-85.388,96.497
0.203,0.504,2.165,57.129,-67.627,97.046
0.245,0.966,2.266,50.781,-44.006,86.914
0.246,1.167,2.352,54.565,3.723,28.076
0.221,1.190,2.438,68.909,31.311,-3.601
0.150,1.120,2.425,70.435,62.866,-34.546
0.103,0.936,2.155,56.335,96.069,-65.308
0.052,0.695,1.796,18.677,134.583,-106.506
-0.055,0.452,1.474,2.808,133.850,-114.990
-0.089,0.417,1.421,-9.094,131.104,-121.521
-0.102,0.342,1.283,-16.785,133.240,-141.174
-0.102,0.211,1.097,-14.282,132.019,-153.625
-0.144,-0.355,0.705,-19.653,127.747,-166.443
-0.210,-0.802,0.510,-36.621,123.108,-176.270
-0.256,-1.277,0.208,-71.655,116.028,-170.288
-0.265,-1.899,-0.008,-87.830,102.051,-153.198
-0.220,-1.945,0.114,-104.126,87.585,-132.080
-0.128,-1.884,0.185,-97.351,75.500,-91.003
-0.016,-1.712,0.231,-66.589,70.496,-72.144
0.177,-1.366,0.261,-35.889,63.477,-58.044
0.261,-1.280,0.353,-15.320,53.589,-47.119
0.354,-1.170,0.457,-4.517,39.063,-27.283
0.475,-1.007,0.482,-9.155,36.316,-21.118
0.488,-1.006,0.389,-12.268,34.790,-16.724
0.475,-1.031,0.277,-4.944,23.621,-2.014
0.435,-0.936,0.270,-2.686,14.771,6.531
0.383,-0.408,0.270,-6.226,10.742,7.263
0.385,-0.149,0.109,-14.526,8.911,-2.502
0.381,0.075,-0.082,-30.518,-10.132,-48.157
0.293,0.417,-0.064,-31.738,-27.832,-76.416
0.212,1.007,0.156,-25.757,-41.260,-104.309
0.141,1.790,0.345,-15.076,-25.085,-216.187
0.089,2.342,0.250,-18.799,-11.475,-306.580
-0.105,1.625,-0.308,-17.334,-23.621,-393.311
-0.254,0.666,-0.336,-7.568,-60.974,-449.768
-0.348,-0.340,-0.223,7.385,-137.695,-443.787
-0.336,-1.604,0.012,10.132,-158.813,-393.860
-0.371,-1.450,0.247,12.024,-173.096,-330.749
-0.499,-1.051,0.570,12.878,-183.228,-243.469
-0.702,-0.940,0.959,4.883,-178.772,-224.792
-1.116,-1.319,1.600,-7.385,-164.795,-206.482
-1.257,-1.543,1.661,-23.987,-142.029,-185.425
-1.339,-1.709,1.555,-42.480,-88.806,-135.437
-1.369,-1.917,1.289,-36.804,-68.542,-107.239
-1.347,-1.903,1.281,-25.452,-54.565,-78.064
-1.292,-1.850,1.314,-6.470,-27.649,-27.466
-1.216,-1.795,1.276,-9.399,-8.423,-5.371
-1.037,-1.665,0.731,-20.020,9.644,14.404
-0.939,-1.619,0.302,-33.020,19.348,32.349
-0.860,-1.484,-0.126,-55.054,-2.136,62.561
-0.795,-1.450,-0.682,-68.970,-32.227,69.824
-0.850,-1.665,-0.718,-86.731,-70.007,79.224
-0.960,-1.846,-0.571,-125.671,-145.691,131.653
-1.093,-1.942,-0.383,-148.743,-173.828,172.241
-1.324,-1.767,-0.150,-169.189,-198.120,218.811
-1.429,-1.448,0.032,-181.946,-219.238,266.479
-1.538,-0.901,0.387,-170.471,-237.671,331.909
-1.403,0.539,1.314,-137.024,-222.961,329.834
-1.149,0.861,1.486,-111.084,-194.702,299.805
0.939,-1.052,-3.214,-197.693,71.899,-136.597
1.210,-1.755,-3.587,-158.630,6.165,-80.750
1.084,-1.509,-3.094,17.334,-172.607,125.732
-0.062,0.820,1.597,84.290,-241.516,204.529
-0.687,2.631,3.986,103.577,-231.079,244.385
-1.115,3.967,4.000,148.682,97.656,92.407
-1.218,3.868,3.595,83.191,208.862,-52.734
-0.596,1.320,1.077,-58.533,209.045,-142.761
-0.198,0.107,-0.189,-173.828,185.974,-172.241
0.073,-0.818,-2.056,-96.558,196.106,-120.789
0.452,-1.195,-4.000,3.296,133.179,-53.833
0.298,-0.418,-4.000,40.894,18.921,36.255
-0.024,0.542,-3.813,14.160,-135.254,131.165
-0.329,1.114,-3.584,6.470,-175.598,116.882
-0.634,0.951,-3.003,-6.958,-220.947,97.046
-0.735,0.832,-1.983,-25.940,-270.935,94.116
-0.806,0.971,-0.494,-4.211,-281.738,102.783
-0.891,1.606,0.868,26.489,-214.355,84.778
-0.925,1.739,0.374,28.259,-146.240,49.561
-0.887,1.614,-0.030,-85.327,-143.311,-27.100
-0.745,1.344,0.004,-143.982,-171.753,-47.180
-0.244,0.799,0.394,-151.550,-177.490,-54.565
-0.075,0.725,0.105,-114.563,-157.104,-51.636
0.033,0.701,-0.333,-29.724,-130.554,-36.133
0.326,0.593,-0.129,-14.648,-141.235,-25.757
0.472,0.563,0.390,1.831,-145.691,-15.137
0.558,0.620,0.913,70.007,-100.159,-0.183
0.502,0.834,1.110,95.215,-61.768,1.221
0.442,0.824,0.882,85.815,-35.583,0.977
0.438,0.664,0.740,43.213,-31.860,2.319
0.500,0.372,0.794,-46.875,-55.969,22.156
0.581,-0.024,0.890,-56.213,-52.734,43.518
0.554,-0.106,0.663,-36.377,-37.415,66.101
0.480,-0.190,0.114,26.428,-15.930,108.765
0.206,-0.446,-1.896,36.377,-42.297,134.705
0.068,-0.456,-2.435,38.208,-110.168,164.856
-0.009,-0.349,-2.053,52.185,-281.067,230.408
-0.020,-0.097,-0.999,80.200,-310.425,254.028
0.110,0.347,1.062,120.361,-288.818,260.681
0.157,0.468,1.555,141.724,-233.276,255.188
0.122,0.624,1.594,81.482,-89.478,244.080
-0.222,1.021,0.541,29.358,-28.931,242.432
-0.481,1.308,-0.057,-22.278,8.423,239.685
-0.712,1.663,-0.310,-74.646,18.433,213.318
-0.897,1.949,-0.377,-81.421,12.451,186.951
-1.075,2.009,-0.592,-87.097,-2.625,154.724
-1.001,1.774,-0.299,-95.215,-32.898,122.925
-0.873,1.625,0.495,-85.083,-58.350,88.074
-0.833,1.906,2.250,-69.092,-7.935,79.285
-1.045,2.265,2.635,-66.345,81.787,66.406
-1.353,2.427,2.105,-44.006,296.997,-3.174
-1.569,2.250,0.857,-34.424,334.778,-44.617
-1.369,1.666,-0.182,-43.823,306.458,-75.745
-1.128,1.314,0.311,-63.049,258.789,-99.487
-0.915,0.851,0.792,-89.172,246.216,-118.164
-0.720,0.229,0.688,-86.060,282.104,-103.943
-0.745,0.113,-0.027,-74.585,323.120,-78.918
-0.762,0.035,-1.072,-47.424,330.017,-18.555
-0.656,-0.108,-2.037,-39.124,269.714,15.808
-0.277,-0.142,-2.209,-40.283,190.979,58.044
-0.262,0.218,-1.737,-33.813,127.930,101.135
-0.370,0.781,-1.250,39.856,88.074,139.465
-0.695,2.129,-1.151,69.641,96.924,122.681
-0.839,2.662,-1.446,60.669,98.022,82.031
-0.967,3.041,-1.488,-48.584,38.940,-51.880
-1.056,3.106,-1.289,-92.102,8.179,-132.019
-1.018,2.261,-0.531,-121.704,-9.277,-198.975
-0.969,1.859,-0.294,-133.240,-7.568,-242.798
-0.912,1.538,-0.293,-89.661,36.377,-284.485
-0.769,0.986,-0.966,-67.749,48.584,-290.222
-0.623,0.698,-0.999,-64.148,31.921,-288.452
-0.446,0.473,-0.625,-43.457,-21.484,-265.320
-0.279,0.236,-0.324,-8.911,-20.447,-244.934
-0.118,0.108,-0.384,18.555,-15.625,-215.820
-0.097,0.273,-0.293,29.175,-16.785,-185.730
-0.391,-0.419,-3.973,-177.673,3.540,-146.423
0.143,-2.432,-3.908,-381.103,-92.468,-158.264
0.875,-4.000,-2.881,-579.041,-219.788,117.249
0.125,-3.766,-1.429,-362.732,-178.040,369.507
-1.248,-1.209,0.201,66.101,-145.935,574.036
-2.448,2.371,2.515,698.486,-73.608,572.327
-3.132,4.000,3.119,527.893,14.648,320.312
-2.412,4.000,1.065,165.894,8.545,21.973
-1.247,3.578,1.976,-151.123,-84.961,-169.128
-0.188,2.251,2.322,-242.065,-43.762,-265.381
0.908,-1.402,-0.295,-160.522,42.175,-256.165
1.239,-2.455,-0.803,-111.267,70.862,-214.294
1.403,-2.751,-0.751,-96.313,72.083,-66.345
1.231,-2.483,-0.942,-101.685,87.097,11.169
0.428,-1.365,-1.767,-89.600,91.553,66.650
0.059,-0.784,-1.863,-59.570,81.421,98.022
-0.228,-0.218,-1.749,-44.067,47.424,113.708
-0.512,0.625,-1.502,-51.147,34.302,107.117
-0.483,0.702,-1.422,-50.720,20.386,92.529
-0.375,0.640,-1.300,-60.242,-9.583,62.256
-0.245,0.568,-1.138,-72.205,-16.724,50.781
-0.083,0.327,-1.071,-84.167,-16.357,40.222
-0.035,0.147,-1.123,-92.468,-15.686,33.813
0.001,0.042,-1.095,-92.102,-21.606,38.574
0.001,-0.152,-1.154,-87.280,-22.522,41.016
-0.000,-0.248,-1.157,-78.125,-24.231,44.373
-0.023,-0.302,-1.190,-61.035,-24.780,58.960
-0.075,-0.343,-1.285,-61.523,-26.672,68.542
-0.174,-0.469,-1.457,-62.500,-31.433,78.125
-0.209,-0.590,-1.546,-60.303,-38.330,87.952
-0.228,-0.654,-1.585,-60.425,-59.265,113.770
-0.234,-0.490,-1.579,-58.289,-68.848,122.986
-0.211,-0.494,-1.614,-45.410,-77.454,125.122
-0.108,-0.482,-1.414,7.935,-104.736,138.916
0.034,-0.301,-0.983,40.283,-105.774,152.039
0.171,0.554,-0.391,76.782,-93.445,158.569
0.181,0.959,-0.326,112.488,-75.928,152.222
0.175,1.246,-0.376,106.262,-53.528,118.103
0.295,1.529,-0.268,56.335,-54.504,101.501
0.403,1.560,-0.033,5.371,-54.260,85.876
0.462,1.543,0.063,-29.053,-23.987,46.387
0.460,1.429,-0.053,-23.376,-5.859,23.987
0.408,0.951,-0.441,-20.081,4.578,6.836
0.419,0.691,-0.505,-23.560,7.446,-2.502
0.439,0.440,-0.488,-44.128,10.010,-1.587
0.465,-0.030,-0.326,-50.354,14.648,7.385
0.484,-0.287,-0.191,-44.434,23.071,20.874
0.492,-0.578,-0.045,21.362,51.331,66.284
0.473,-0.779,0.073,60.242,71.167,101.257
0.391,-1.320,0.134,75.623,90.210,143.311
0.276,-1.277,0.162,72.144,103.760,198.303
0.109,-0.966,0.158,62.439,128.174,297.424
-0.220,0.106,-0.093,70.313,138.794,316.589
-0.304,0.576,-0.276,80.078,143.066,308.960
-0.344,1.071,-0.292,56.641,141.968,240.601
-0.413,1.496,-0.362,26.367,157.715,181.458
-0.723,1.205,-1.326,2.991,175.537,117.676
-0.877,0.673,-2.030,-12.451,177.917,69.031
-0.931,0.155,-2.492,-32.776,102.966,58.411
-0.740,0.368,-1.881,-39.734,51.880,86.243
-0.633,0.864,-1.406,-34.912,26.855,103.333
-0.584,1.140,-1.272,10.254,50.354,66.833
-0.604,1.121,-1.486,28.198,58.289,40.039
-0.710,0.913,-1.667,33.020,45.410,24.841
-0.733,1.044,-1.235,25.513,21.484,20.020
-0.738,1.368,-0.615,-5.554,8.972,1.282
-0.866,2.260,0.338,-25.269,34.729,-29.602
-1.052,2.600,0.410,-47.852,75.012,-79.834
-1.272,2.641,0.262,-83.557,145.142,-221.436
-1.453,2.349,0.033,-104.431,156.372,-285.217
-1.462,1.127,-0.449,-133.240,151.001,-327.026
-1.315,0.602,-0.637,-171.143,135.315,-343.872
-1.163,0.112,-0.859,-260.864,98.572,-332.520
-0.766,-1.108,-1.214,-278.381,76.843,-309.937
-0.494,-1.490,-1.071,-254.639,54.199,-271.362
0.391,3.122,-2.713,-30.457,6.226,-65.857
0.764,3.112,-3.829,-2.747,-40.649,-117.065
0.768,2.794,-4.000,-18.799,-246.887,-154.053
-0.137,0.477,-1.316,22.949,-347.717,-137.146
-0.693,-0.631,1.098,81.177,-377.380,-88.745
-1.219,-0.863,3.184,102.051,-256.348,17.456
-1.546,-0.817,4.000,57.800,-158.997,7.141
-1.363,-2.208,4.000,8.423,-61.768,-20.447
-1.033,-2.567,3.974,-18.677,36.682,-18.311
-0.630,-2.134,3.706,-28.442,223.999,59.570
0.161,-0.596,0.881,-58.838,269.958,86.060
0.385,0.111,-0.863,-95.825,275.757,104.126
0.449,0.940,-2.106,-116.150,218.140,143.494
0.385,1.843,-2.846,-108.215,166.382,147.400
0.080,2.917,-3.005,-94.421,103.577,131.287
-0.120,3.179,-2.739,-77.148,40.527,103.516
-0.295,3.398,-2.603,-49.133,-63.721,28.381
-0.528,3.144,-2.400,-34.119,-111.572,-15.930
-0.641,2.606,-1.740,-18.188,-158.447,-57.312
-0.720,1.973,-0.816,32.349,-189.880,-98.694
-0.766,1.570,-0.255,60.242,-172.363,-100.647
-0.872,0.973,0.491,70.068,-162.842,-103.821
-0.915,0.846,1.046,66.711,-158.020,-108.398
-0.835,0.719,1.346,63.843,-122.498,-127.319
-0.452,0.522,1.137,56.213,-104.980,-133.911
-0.236,0.369,1.002,43.701,-96.497,-136.841
-0.014,0.113,1.029,31.799,-87.341,-124.084
0.237,0.033,1.136,40.771,-74.829,-105.408
0.255,0.287,1.059,52.856,-59.631,-88.867
0.268,0.554,0.868,54.321,-46.936,-81.848
0.333,0.690,0.532,13.611,-37.964,-86.426
0.510,0.655,-0.268,-10.620,-46.997,-85.388
0.505,0.562,-0.315,-29.053,-66.223,-80.139
0.456,0.432,-0.187,-36.438,-99.609,-60.852
0.377,0.205,-0.081,-29.724,-109.253,-49.316
0.338,0.105,-0.056,-34.424,-122.375,-39.673
0.301,-0.158,0.057,-61.707,-166.077,-21.118
0.278,-0.599,0.392,-50.049,-180.725,6.836
0.179,-1.016,0.742,-28.015,-177.551,48.157
0.118,-0.968,0.513,-13.367,-169.678,87.830
0.044,-0.826,0.306,-13.245,-185.913,146.484
-0.103,-0.411,0.138,-16.541,-202.393,169.617
-0.177,-0.157,0.295,-23.926,-215.027,191.650
-0.258,0.054,0.601,-38.696,-203.308,226.807
-0.380,0.375,0.827,-38.086,-176.758,237.427
-0.675,1.524,0.876,-30.090,-146.362,231.384
-0.695,1.790,0.666,-23.987,-119.934,204.224
-0.665,1.863,0.488,-48.889,-103.027,131.897
-0.563,1.515,0.612,-59.692,-100.769,103.149
-0.546,1.401,0.748,-57.129,-91.309,88.501
-0.603,1.603,0.863,-16.541,-49.683,88.257
-0.684,1.981,0.870,5.981,-25.513,76.477
-0.699,2.281,0.583,15.686,-9.644,50.171
-0.640,2.028,0.515,12.817,-5.249,16.479
-0.550,1.561,0.507,7.629,-9.644,-31.189
-0.350,0.667,0.455,16.235,-11.536,-30.640
-0.285,0.463,0.380,34.119,-14.038,-16.357
-0.227,0.321,0.368,76.599,-30.518,23.132
-0.187,0.223,0.407,82.397,-43.335,42.114
-0.251,0.024,0.712,70.374,-58.838,58.655
-0.360,-0.092,0.969,43.457,-72.021,74.768
-0.496,-0.214,1.219,-12.085,-72.693,115.540
-0.884,-0.250,2.217,-31.921,-54.077,142.700
-1.144,-0.053,2.693,-50.903,-11.719,170.715
-1.396,0.357,2.750,-82.336,132.141,197.937
-1.549,0.848,2.263,-93.384,193.848,180.725
-1.401,1.342,0.752,-107.239,219.238,145.508
-1.249,1.256,0.665,-127.441,211.060,103.760
-1.171,0.994,1.047,-158.325,207.153,48.401
-1.204,0.669,1.140,-155.090,246.094,45.715
-1.157,0.762,0.354,-140.686,291.748,51.086
-0.997,0.875,-0.523,-102.295,291.565,48.706
-0.775,0.902,-1.048,-91.553,243.469,41.443
-0.492,0.709,-0.802,-88.562,191.711,39.246
-0.482,0.725,-0.594,-84.534,155.151,45.410
-0.167,3.857,0.617,119.202,101.868,59.692
0.374,4.000,-0.694,239.563,124.207,-23.560
0.705,4.000,-1.427,300.964,12.451,-235.901
0.268,1.723,-0.149,221.863,-60.547,-317.932
-0.008,-0.196,0.190,144.958,-89.783,-350.159
-0.220,-1.992,0.579,87.585,-116.333,-251.587
-0.408,-2.879,1.304,70.313,-106.445,-157.104
-0.520,-2.543,1.735,25.940,-72.571,-85.144
-0.434,-2.306,1.583,-31.372,-37.354,-44.312
-0.294,-2.091,1.426,-52.734,11.047,22.644
-0.012,-0.948,1.165,-26.123,23.499,60.730
0.085,-0.314,1.127,-11.230,29.602,84.717
0.167,0.142,1.066,-25.635,36.865,89.355
0.239,0.447,0.960,-37.598,36.194,83.557
0.280,0.766,0.877,-45.532,31.372,76.172
0.252,0.795,0.915,-48.035,25.513,67.383
0.218,0.745,0.951,-37.842,19.714,52.185
0.157,0.497,0.956,-30.029,19.897,49.927
0.128,0.322,0.942,-22.705,21.301,52.185
0.094,0.124,0.943,-12.939,24.902,72.571
0.056,0.007,0.945,-15.869,29.114,89.844
-0.018,0.154,0.835,-26.733,33.691,104.980
-0.075,0.321,0.812,-43.579,36.377,115.356
-0.165,0.665,0.924,-82.275,38.635,126.953
-0.292,2.155,1.206,-85.693,50.781,123.169
-0.149,3.293,0.611,-66.101,72.815,104.187
0.091,4.000,-0.376,-5.615,50.964,-40.222
0.217,4.000,-1.107,24.658,-13.123,-185.730
-0.326,3.735,-1.183,72.510,-90.088,-336.975
-0.825,2.780,-0.714,146.667,-155.212,-432.739
-1.178,0.902,-0.367,252.319,-205.017,-437.561
-1.477,-1.813,1.492,245.483,-205.933,-363.953
-1.501,-1.745,2.168,196.167,-166.870,-287.170
-1.393,-1.775,2.012,-27.100,-31.982,-244.019
-1.179,-2.162,1.493,-116.150,-2.136,-230.041
-0.700,-2.641,0.809,-128.662,-3.845,-186.707
-0.554,-2.401,1.195,-77.515,-22.278,-124.939
-0.428,-2.047,1.738,18.372,-15.808,-29.663
-0.141,-1.556,2.046,13.489,16.724,-8.179
0.018,-1.470,1.805,-9.583,52.979,6.409
0.157,-1.265,1.503,-43.457,97.534,51.086
0.264,-0.803,1.256,-51.941,103.638,71.533
0.449,0.102,0.814,-58.838,104.309,78.247
0.517,0.402,0.619,-58.472,99.609,76.172
0.574,0.763,0.441,-29.785,75.745,61.218
0.605,1.312,0.199,-18.799,57.556,43.335
0.566,1.456,0.175,-13.489,37.720,20.081
0.531,1.572,0.033,-0.671,1.343,-38.635
0.514,1.689,-0.281,9.827,-26.428,-77.026
0.457,1.886,-1.154,28.625,-66.711,-121.704
0.352,1.937,-1.592,64.636,-119.141,-172.485
0.179,1.685,-1.887,145.020,-252.380,-288.086
-0.381,-0.024,-1.599,146.057,-321.777,-326.843
-0.663,-1.118,-0.785,122.192,-380.127,-333.130
-0.798,-2.404,0.284,39.429,-405.579,-228.943
-0.837,-3.257,1.309,15.320,-364.014,-107.605
-1.063,-1.402,1.827,17.761,-297.363,15.137
-1.217,0.188,1.608,21.118,-234.436,80.261
-1.264,0.995,1.509,-22.095,-169.434,7.629
-1.036,-0.026,1.572,-40.588,-155.212,-47.058
-0.910,-0.601,1.647,-33.325,-144.104,-60.242
-0.836,-0.655,1.761,22.705,-120.117,-1.221
-0.818,-0.327,1.970,34.668,-100.830,19.287
-0.797,0.338,2.196,27.100,-71.716,17.212
-0.750,0.380,2.055,8.789,-38.269,-0.610
-0.671,0.311,1.756,-0.366,11.841,-38.269
-0.476,0.091,1.072,13.611,16.052,-48.523
-0.422,-0.116,0.904,31.616,6.653,-53.833
-0.425,-0.593,0.874,44.250,-30.212,-44.067
-0.633,-1.948,1.234,37.476,-43.823,-10.010
-0.841,-2.154,1.283,31.982,-43.640,47.485
-1.103,-2.047,1.283,18.616,-34.302,108.826
-1.355,-1.923,1.328,-52.979,-1.709,182.556
-1.522,-2.135,1.112,-89.050,21.118,205.017
-1.475,-2.006,0.952,-113.342,39.001,236.145
-0.612,0.805,-1.638,-479.797,23.132,-109.253
-0.769,0.334,-2.362,-520.508,-15.991,-117.065
-0.686,-0.779,-2.983,-813.721,-142.090,-91.736
0.937,-3.549,-0.465,-843.750,-204.407,-26.672
1.455,-4.000,0.287,-639.587,-168.762,51.392
1.249,-3.932,-0.240,152.405,12.146,198.791
0.758,-2.627,-0.580,452.026,25.513,252.197
-0.290,1.829,0.177,620.911,23.010,260.498
-0.851,3.649,0.285,681.641,26.550,223.633
-1.190,4.000,0.364,505.554,5.127,54.932
-0.741,3.674,1.028,325.439,-7.263,-48.889
-0.305,2.433,0.682,143.677,8.911,-134.277
0.070,0.849,-0.178,-138.184,51.758,-183.594
0.385,-0.538,-0.892,-198.242,46.326,-155.579
0.716,-2.250,-1.605,-198.425,36.743,-118.347
0.744,-2.413,-1.503,-144.104,25.879,-72.815
0.566,-2.002,-1.419,7.629,35.767,38.330
-0.173,-0.647,-1.749,31.250,38.940,76.538
-0.431,-0.200,-1.704,12.939,25.330,96.252
-0.534,0.143,-1.545,-36.316,-13.916,103.699
-0.496,0.323,-1.393,-44.128,-23.926,93.384
-0.243,0.110,-1.193,-45.654,-27.771,81.604
-0.138,-0.010,-1.084,-43.213,-29.724,75.256
-0.075,-0.054,-0.992,-35.156,-31.555,73.792
-0.015,-0.188,-0.917,-23.010,-33.142,73.120
-0.009,-0.288,-0.912,-6.958,-34.729,74.707
-0.035,-0.383,-0.996,-0.549,-32.166,91.125
-0.080,-0.451,-1.137,-6.897,-34.363,104.675
-0.140,-0.601,-1.298,-4.761,-40.222,117.554
-0.159,-0.683,-1.281,12.817,-47.485,129.517
-0.188,-0.586,-1.212,63.049,-56.519,153.992
-0.246,-0.114,-1.158,80.261,-57.251,157.410
-0.236,0.074,-1.026,92.896,-60.120,155.273
-0.234,0.316,-0.856,106.506,-63.965,151.672
-0.243,0.644,-0.677,112.244,-65.674,148.621
-0.257,1.285,-0.258,111.694,-65.369,141.663
-0.270,1.641,-0.074,98.816,-62.805,133.423
-0.281,2.100,0.122,49.011,-52.124,102.966
-0.249,2.459,0.170,30.090,-41.565,70.923
-0.169,2.291,0.135,21.240,-33.020,36.926
-0.063,2.050,0.128,3.845,-20.691,-11.108
0.046,1.794,0.123,-8.179,-12.573,-27.100
0.269,0.940,0.027,-16.357,-2.686,-38.757
0.379,0.337,-0.085,-20.142,8.240,-41.016
0.477,-0.276,-0.237,-28.076,25.574,-7.080
0.633,-1.091,-0.246,-17.029,27.710,24.231
0.715,-1.304,0.037,7.568,30.090,58.960
0.749,-1.482,0.329,24.963,63.660,142.029
0.688,-1.566,0.487,12.512,88.257,194.519
0.292,-1.247,0.278,7.874,110.901,247.009
-0.031,-0.745,-0.030,16.479,128.601,292.542
-0.370,0.105,-0.355,40.771,148.987,320.801
-0.931,1.731,-1.109,45.654,158.264,281.067
-1.137,1.730,-1.622,46.143,164.551,215.271
-1.290,1.435,-2.051,52.246,123.047,126.404
-1.365,1.408,-2.119,56.152,76.172,119.080
-1.277,2.114,-1.183,54.382,35.217,110.413
-1.163,2.269,-0.746,48.889,16.663,86.487
-1.032,2.090,-0.544,59.998,27.771,20.386
-0.837,1.697,-0.113,67.566,35.034,4.761
-0.846,1.764,0.325,62.683,41.199,0.732
-0.947,2.036,0.912,15.991,74.402,-8.362
-1.128,2.486,1.397,-4.639,117.676,-34.607
-1.539,2.672,0.771,-10.864,169.189,-83.984
-1.586,2.134,0.098,-5.310,201.477,-140.198
-1.510,1.573,-0.250,6.836,191.101,-200.500
-1.296,0.845,-0.309,2.808,184.998,-208.435
-1.235,0.641,-0.472,-20.691,194.763,-212.036
-1.226,0.336,-0.927,-89.905,234.863,-219.482
-1.220,-0.124,-1.557,-110.535,231.506,-209.106
-0.974,-0.982,-2.296,-118.774,204.041,-181.519
-0.768,-1.149,-2.216,-113.586,166.809,-141.174
-0.612,-1.094,-2.052,-87.524,119.202,-51.941
-0.647,-0.293,-2.068,-48.462,117.554,-19.287
-0.763,0.452,-2.016,13.367,117.371,-2.808
0.191,-0.792,-3.471,-352.173,102.722,-164.551
0.988,-3.124,-4.000,-340.088,47.852,-161.499
1.311,-4.000,-4.000,12.756,-157.288,157.776
-0.618,-2.216,-1.551,255.981,-340.088,354.004
-1.917,0.654,2.167,430.725,-477.417,476.990
-2.844,3.427,4.000,420.837,-216.980,371.704
-3.001,4.000,4.000,297.974,16.479,104.065
-1.102,2.353,3.615,156.372,129.883,-142.212
-0.184,0.791,2.090,32.837,164.795,-234.985
0.288,0.090,-0.170,-19.165,187.622,-130.981
0.635,-0.310,-3.317,17.761,153.870,-83.130
0.661,-0.458,-3.886,48.828,102.478,-56.213
0.547,-0.372,-3.839,64.514,-28.931,11.169
0.278,0.066,-3.244,61.279,-81.299,43.274
-0.311,0.628,-2.641,61.340,-116.028,57.434
-0.637,0.816,-2.121,49.683,-161.316,68.054
-0.881,1.204,-0.861,11.719,-225.830,64.209
-0.798,1.530,0.210,6.897,-185.974,33.081
-0.641,1.326,-0.248,-7.080,-139.893,-1.160
-0.520,1.113,-0.563,-64.392,-129.150,-35.522
-0.407,0.907,-0.538,-78.186,-138.184,-38.635
-0.190,0.706,-0.331,-85.815,-140.869,-35.095
-0.138,0.651,-0.248,-89.172,-140.442,-27.832
-0.161,0.769,-0.098,-49.927,-135.376,-5.676
-0.211,1.259,0.307,-15.015,-130.432,-4.578
-0.145,1.306,0.537,3.113,-125.793,-13.306
-0.046,1.260,0.656,-6.897,-108.948,-35.339
0.047,1.223,0.655,-15.015,-98.572,-42.480
0.175,1.247,0.424,-20.508,-88.257,-49.561
0.271,1.080,0.219,-22.644,-79.956,-58.167
0.404,0.775,0.110,-22.888,-80.444,-57.861
0.619,0.228,0.104,-18.738,-82.703,-41.077
0.654,0.117,0.185,-12.329,-84.412,-16.663
0.635,0.094,0.337,7.874,-79.895,31.616
0.599,0.070,0.530,22.522,-70.557,49.622
0.522,-0.076,0.856,32.837,-55.847,66.589
0.456,-0.163,0.779,33.630,-38.696,85.144
0.390,-0.275,0.617,24.109,-25.024,129.578
0.251,-0.487,0.361,27.832,-28.687,155.334
0.179,-0.534,0.258,41.687,-34.119,181.091
0.096,-0.543,0.141,46.082,-49.377,228.760
-0.032,-0.383,0.062,15.869,-59.204,250.183
-0.313,0.180,-0.105,-24.048,-67.993,261.230
-0.392,0.353,-0.095,-59.631,-76.050,262.878
-0.479,0.668,0.005,-77.881,-68.054,259.766
-0.631,1.523,0.032,-63.660,-45.410,246.582
-0.693,1.864,-0.213,-46.509,-17.090,225.159
-0.745,2.078,-0.584,-15.747,9.216,172.180
-0.775,2.127,-0.767,-6.775,-4.883,148.865
-0.864,2.233,-0.245,1.221,-19.531,130.615
-0.923,2.326,0.106,16.296,-21.790,112.671
-0.958,2.359,0.452,44.128,7.507,65.491
-0.941,1.905,0.917,45.715,31.250,38.696
-0.881,1.510,1.089,38.818,52.673,18.250
-0.815,1.216,1.361,3.113,85.571,9.766
-0.791,1.106,1.760,-26.611,113.647,14.282
-1.021,1.460,2.135,-62.195,160.522,14.038
-1.201,1.626,1.721,-93.262,219.971,1.160
-1.307,1.577,0.978,-119.141,301.941,-51.147
-1.206,1.072,-0.222,-127.991,301.697,-71.228
-1.071,0.771,-0.479,-144.775,283.997,-79.224
-0.921,0.457,-0.710,-163.147,244.019,-62.134
-0.770,0.183,-0.993,-146.606,223.450,-39.978
-0.619,0.195,-1.459,-109.985,204.895,-11.658
-0.601,0.391,-1.564,-55.664,190.002,13.550
-0.577,0.515,-1.620,40.771,170.410,43.213
-0.586,0.831,-1.887,70.068,158.081,55.237
-0.643,1.185,-1.909,95.398,135.681,63.354
-0.733,1.664,-1.706,116.211,73.914,42.297
-0.850,2.155,-1.353,92.102,50.476,2.319
-1.070,2.781,-0.445,41.382,37.170,-57.800
-1.134,2.648,-0.284,-25.696,37.476,-130.859
-1.145,2.256,-0.507,-128.174,40.283,-256.531
-0.968,1.408,-0.734,-148.437,18.311,-289.795
-0.806,1.006,-0.448,-155.579,-10.315,-302.429
-0.448,1.514,1.850,-13.489,120.239,22.949
-0.506,1.579,1.118,-53.162,164.856,-1.282
-0.442,1.365,0.616,-230.103,147.522,-64.087
-0.480,1.957,0.218,-339.905,146.179,-83.191
-0.635,2.085,-1.056,-419.128,190.857,-122.192
-0.414,0.571,-2.948,-373.779,270.752,-237.488
0.355,-1.923,-4.000,-239.075,164.429,-173.828
0.939,-2.810,-3.971,-17.029,-62.744,-21.851
0.167,-1.713,-2.037,244.324,-308.167,125.000
-0.692,-0.288,1.475,521.545,-412.048,255.554
-1.388,3.145,4.000,400.269,-252.258,212.891
-1.027,2.763,4.000,168.762,-94.971,88.013
-0.437,1.182,3.794,-148.926,40.771,-93.994
-0.010,0.007,2.710,-158.936,80.505,-64.026
0.001,0.576,0.240,-132.935,93.506,-8.606
-0.073,1.028,-0.087,-108.948,78.308,23.254
-0.109,1.201,-0.376,-83.435,70.251,17.822
-0.178,1.242,-1.608,-75.500,67.261,6.042
-0.195,1.190,-1.808,-71.350,42.969,-3.662
-0.217,1.166,-1.661,-39.429,-14.404,-10.437
-0.257,1.185,-1.466,-3.479,-27.466,-12.573
-0.320,1.171,-1.145,30.273,-37.659,-16.663
-0.345,1.184,-0.953,45.105,-48.279,-21.484
-0.365,1.201,-0.849,20.874,-68.420,-35.950
-0.296,1.015,-0.670,2.502,-80.994,-44.434
-0.215,0.919,-0.535,-7.202,-92.346,-49.805
-0.131,0.853,-0.411,3.845,-100.769,-52.063
-0.066,0.820,-0.372,11.353,-101.196,-50.415
0.010,0.794,-0.322,12.634,-104.309,-48.462
0.052,0.747,-0.281,8.362,-108.582,-46.509
0.121,0.636,-0.177,-3.235,-119.629,-38.513
0.309,0.397,0.285,-0.732,-120.056,-29.358
0.372,0.372,0.397,10.559,-111.572,-17.212
0.390,0.404,0.390,39.063,-87.769,6.775
0.374,0.454,0.386,41.565,-82.092,16.541
0.299,0.624,0.749,30.945,-75.806,25.024
0.251,0.738,0.788,14.160,-62.195,30.457
0.225,0.764,0.668,-18.921,-37.231,30.090
0.208,0.682,0.500,-37.354,-34.851,31.433
0.193,0.632,0.423,-55.420,-34.180,35.461
0.178,0.573,0.333,-63.171,-32.349,49.438
0.156,0.533,0.243,-53.589,-32.227,58.350
0.115,0.475,0.133,-42.664,-33.691,67.261
0.102,0.434,0.116,-33.813,-36.560,76.477
0.090,0.377,0.092,-20.874,-41.626,97.839
0.047,0.295,-0.117,-15.259,-44.617,111.145
0.005,0.330,-0.259,-12.085,-50.537,125.610
-0.044,0.416,-0.344,-7.996,-71.167,149.902
-0.096,0.547,-0.340,1.953,-79.712,156.555
-0.189,0.940,0.105,14.526,-82.092,157.959
-0.233,1.204,0.406,17.456,-71.838,153.381
-0.279,1.440,0.402,-1.953,-15.015,122.986
-0.327,1.552,-0.207,-5.981,4.944,101.318
-0.337,1.514,-0.393,-6.104,7.751,82.031
-0.340,1.475,-0.360,-8.240,-16.357,57.739
-0.338,1.436,-0.187,-8.484,-23.865,51.514
-0.334,1.314,0.094,-3.174,-23.071,47.974
-0.351,1.210,0.117,8.179,-17.212,47.180
-0.378,1.118,0.156,37.537,-9.399,56.702
-0.458,1.147,0.497,51.575,-5.188,63.904
-0.503,1.226,0.667,61.401,4.211,68.115
-0.543,1.316,0.810,50.720,33.813,61.829
-0.583,1.391,0.948,32.532,53.284,51.086
-0.645,1.410,0.976,11.658,76.660,36.804
-0.648,1.336,0.799,-7.507,99.854,21.240
-0.625,1.207,0.618,-37.964,127.136,-1.770
-0.573,1.084,0.438,-48.096,134.460,-6.409
-0.564,1.065,0.375,-50.049,142.578,-9.949
-0.555,1.017,0.250,-40.649,161.011,-15.015
-0.499,0.829,-0.283,-36.438,162.720,-13.245
-0.457,0.754,-0.483,-30.457,153.442,-7.202
-0.424,0.738,-0.568,-21.179,136.536,2.930
-0.400,0.757,-0.561,13.733,103.760,26.306
-0.420,0.931,-0.398,34.058,95.459,37.170
-0.486,1.146,-0.343,48.767,93.018,45.532
0.076,2.888,-1.338,-25.452,126.526,6.165
0.719,2.670,-3.040,121.155,113.770,-42.969
1.063,2.646,-3.986,250.732,-94.910,-91.370
0.284,1.177,-1.477,230.164,-234.558,-126.953
-0.279,-0.990,1.080,228.210,-316.589,-147.583
-0.753,-2.059,3.169,243.286,-219.543,-9.521
-1.085,-1.545,3.984,150.024,-111.084,28.442
-0.888,-1.242,3.280,-12.146,-31.067,-7.507
-0.490,-1.719,2.596,-138.245,20.569,-42.847
-0.167,-1.232,1.728,-59.998,80.261,39.673
0.193,0.707,0.496,36.743,79.224,77.087
0.276,1.298,0.200,91.187,65.308,84.412
0.307,1.721,-0.033,95.581,29.114,55.664
0.293,1.966,-0.137,77.515,9.338,32.959
0.149,2.063,-0.031,72.266,-8.240,10.437
0.047,2.009,0.105,85.022,-22.827,-11.292
-0.053,1.887,0.267,103.516,-41.260,-55.664
-0.213,1.156,0.676,91.614,-45.166,-74.402
-0.272,0.893,0.867,69.336,-44.006,-82.336
-0.274,0.803,0.911,40.649,-24.841,-84.656
-0.216,0.738,0.832,39.001,-15.991,-88.989
-0.098,0.583,0.636,38.513,-11.780,-93.628
-0.077,0.482,0.605,36.011,-12.390,-96.924
-0.076,0.430,0.620,31.311,-20.325,-97.717
-0.050,0.344,0.703,25.391,-25.391,-98.389
-0.023,0.282,0.784,15.320,-29.602,-98.694
0.021,0.193,0.815,-0.305,-27.710,-93.201
0.070,0.042,0.821,-1.221,-25.696,-83.984
0.077,-0.110,0.894,4.639,-23.682,-69.458
0.059,-0.096,0.869,15.808,-22.034,-55.054
0.053,-0.126,0.863,27.405,-28.381,-40.283
0.059,-0.132,0.871,24.048,-33.386,-36.621
0.086,-0.143,0.824,17.761,-38.208,-35.156
0.118,-0.139,0.755,2.869,-50.598,-31.250
0.147,-0.054,0.627,-1.526,-60.425,-29.846
0.188,0.229,0.164,-2.563,-77.454,-32.532
0.182,0.262,-0.005,-0.183,-104.187,-39.795
0.141,0.113,0.040,8.423,-170.166,-46.448
-0.053,-0.271,0.698,16.052,-190.369,-31.982
-0.175,-0.281,1.135,24.536,-192.017,-7.324
-0.252,-0.080,1.330,23.865,-143.982,36.377
-0.273,0.247,1.255,10.681,-118.286,39.001
-0.243,0.589,1.024,-9.155,-102.295,28.503
-0.217,0.479,1.039,-28.198,-93.262,14.465
-0.224,0.363,1.153,-35.095,-75.989,13.428
-0.307,0.616,1.312,-22.705,-62.256,23.682
-0.345,0.856,1.335,-8.911,-48.584,28.503
-0.352,0.985,1.314,9.705,-28.503,7.812
-0.318,0.952,1.238,12.573,-25.085,-9.155
-0.231,0.475,1.237,10.620,-24.475,-20.508
-0.214,0.240,1.256,9.705,-22.095,-20.569
-0.208,0.054,1.267,20.996,-11.292,6.531
-0.231,-0.040,1.192,27.649,-4.639,26.611
-0.244,0.009,1.054,31.006,0.000,43.396
-0.255,-0.021,0.957,14.648,-4.944,56.946
-0.269,-0.209,0.966,-4.456,-9.155,62.683
-0.336,-0.713,1.230,-25.635,-7.935,77.637
-0.389,-0.735,1.239,-44.006,1.343,103.577
-0.433,-0.498,1.065,-62.866,22.583,159.668
-0.498,0.196,0.738,-67.444,20.325,171.509
-0.546,0.389,0.849,-69.641,12.756,170.715
-0.580,0.420,1.002,-61.401,14.526,157.837
-0.607,0.440,1.102,-56.396,24.780,157.227
-0.628,0.859,0.938,-48.828,36.133,156.433
-0.584,1.093,0.770,-37.842,41.565,147.766
-0.527,1.184,0.705,-28.748,30.701,104.492
-0.470,1.056,0.798,-32.776,24.963,81.238
-0.468,0.960,0.875,-35.645,23.437,63.171
-0.463,0.912,0.868,-26.367,31.860,42.603
-0.437,0.918,0.747,-18.188,32.410,34.607
-0.375,0.925,0.612,-12.695,26.306,25.940
-0.371,0.872,0.661,-8.545,18.127,18.005
-0.382,0.778,0.769,2.869,6.958,9.094
-0.513,0.668,1.271,4.761,8.850,11.169
-0.619,0.729,1.587,1.831,20.935,15.137
-0.755,2.645,2.270,-43.091,121.765,120.972
-0.338,3.797,0.888,98.816,213.501,49.194
0.421,4.000,-1.137,153.687,148.865,-65.491
0.637,3.370,-1.582,187.927,22.461,-214.539
0.138,0.978,-0.876,224.182,-79.346,-337.280
-0.276,-2.085,-0.175,323.364,-152.405,-278.259
-0.778,-4.000,1.702,284.119,-141.968,-160.217
-0.749,-4.000,1.946,140.991,-92.712,-89.111
-0.448,-3.931,1.347,-97.778,26.184,-17.822
-0.107,-3.475,0.513,-69.153,28.870,57.373
0.088,-0.869,0.428,9.216,-2.991,116.333
0.091,0.050,0.871,70.007,-36.560,126.770
0.090,0.613,1.180,73.303,-44.067,92.957
0.057,1.706,1.477,56.946,-31.555,79.529
0.016,2.048,1.538,44.128,-18.738,58.533
-0.065,2.123,1.614,42.480,-0.122,-6.897
-0.164,1.998,1.681,57.739,10.437,-38.086
-0.318,1.347,1.653,73.364,21.423,-62.683
-0.365,1.005,1.567,84.412,34.241,-79.712
-0.341,0.552,1.346,68.787,61.707,-103.027
-0.175,-0.100,0.977,43.335,67.749,-103.699
-0.087,-0.090,0.836,18.372,70.496,-99.243
-0.034,-0.005,0.767,-13.794,64.697,-101.440
-0.019,0.068,0.748,-19.775,58.350,-109.741
0.020,-0.238,0.599,-15.808,49.866,-118.713
0.044,-0.524,0.631,1.343,37.781,-120.728
0.057,-0.759,0.747,38.635,19.104,-102.417
0.086,-1.023,0.959,40.161,18.982,-89.539
0.131,-1.022,0.909,31.555,24.292,-76.782
0.194,-0.959,0.806,7.202,30.518,-54.993
0.251,-0.810,0.743,-3.357,27.832,-47.363
0.304,-0.483,0.759,-15.442,23.132,-44.128
0.297,-0.377,0.846,-26.855,17.761,-43.945
0.279,-0.298,0.928,-37.415,13.184,-44.128
0.240,-0.174,1.047,-40.466,13.550,-43.579
0.225,-0.122,1.087,-45.776,14.954,-43.152
0.220,-0.114,1.091,-60.852,20.752,-43.152
0.227,-0.126,1.049,-66.650,23.132,-40.649
0.252,0.024,0.835,-69.946,23.132,-37.231
0.276,0.143,0.638,-70.007,19.470,-37.292
0.303,0.232,0.403,-60.791,-7.935,-54.993
0.344,0.274,0.014,-50.049,-32.776,-71.106
0.333,0.225,-0.070,-33.875,-62.256,-88.745
0.297,0.230,-0.100,11.353,-122.986,-117.859
0.250,0.312,-0.173,27.466,-150.940,-135.986
0.065,-0.441,-0.093,24.414,-180.237,-154.846
-0.095,-1.002,0.386,15.503,-207.520,-152.527
-0.236,-1.063,0.914,41.016,-207.214,-72.937
-0.364,-0.276,1.418,51.575,-180.786,-41.504
-0.387,0.006,1.474,44.739,-150.391,-34.241
-0.399,0.018,1.477,-1.770,-100.281,-58.899
-0.412,-0.121,1.489,-16.418,-82.275,-63.843
-0.395,-0.203,1.425,-14.404,-66.833,-58.777
-0.369,-0.180,1.397,-4.883,-55.115,-50.476
-0.361,-0.198,1.428,7.385,-37.842,-37.964
-0.370,-0.207,1.419,12.939,-27.832,-32.776
-0.357,-0.123,1.285,20.691,-18.433,-30.212
-0.323,-0.026,1.079,38.269,-14.221,-44.556
-0.277,-0.035,0.893,41.870,-20.569,-59.082
-0.200,-0.497,0.650,40.283,-29.663,-70.251
-0.170,-0.823,0.507,36.072,-41.016,-72.144
-0.158,-1.178,0.377,24.475,-77.332,-40.894
-0.274,-1.911,0.461,19.775,-99.976,-5.432
-0.432,-2.028,0.801,14.343,-118.103,42.175
-0.603,-1.888,1.187,-12.146,-105.103,137.634
-0.721,-1.622,1.378,-40.161,-77.698,168.518
-0.766,-0.843,1.154,-71.655,-52.002,185.120
-0.701,-0.496,0.962,-95.215,-35.461,187.683
-0.613,-0.295,0.827,-107.178,-32.166,171.509
-0.483,-0.019,0.698,-98.267,-41.077,165.039
-0.449,0.155,0.688,-82.092,-54.016,160.950
-0.434,0.329,0.678,-41.199,-85.022,148.132
-0.433,0.473,0.686,-23.132,-101.807,135.559
-0.482,0.598,0.778,-10.803,-117.126,119.690
-0.584,0.523,1.010,-6.592,-130.005,102.844
-0.765,0.955,3.540,-27.710,-21.240,100.891
-0.570,2.260,3.598,11.108,124.146,68.542
-0.153,3.520,2.599,-5.249,173.401,-26.489
0.346,3.328,0.523,-18.677,166.321,-155.823
0.313,1.500,-0.171,-3.723,124.207,-262.634
0.181,-0.459,-0.513,138.733,-6.287,-243.164
-0.432,-1.941,0.130,187.378,-54.626,-164.001
-0.757,-2.184,0.700,143.738,-62.561,-117.493
-0.833,-2.848,0.659,-99.670,26.428,-115.784
-0.626,-3.443,0.099,-142.151,46.082,-76.904
-0.089,-2.110,0.137,-105.347,29.358,-12.329
0.069,-0.857,0.719,-47.485,5.249,37.476
0.195,0.041,1.112,-21.240,-0.549,37.170
0.292,0.628,1.368,-36.682,7.385,14.038
0.245,0.624,1.425,-50.110,15.259,-7.568
0.168,0.531,1.456,-46.936,30.518,-36.499
0.082,0.395,1.451,-34.241,37.537,-43.518
-0.123,0.195,1.535,-25.146,44.006,-48.157
-0.186,0.178,1.608,-24.170,54.321,-53.528
-0.172,0.197,1.560,-43.762,90.759,-69.763
0.030,0.125,0.950,-55.298,105.896,-78.125
0.145,0.010,0.586,-56.641,109.131,-82.336
0.232,-0.020,0.347,-20.203,79.590,-76.660
0.284,0.054,0.190,2.258,56.824,-79.712
0.309,0.172,-0.134,18.677,30.884,-94.482
0.279,0.097,-0.255,30.090,1.343,-118.713
0.223,0.046,-0.370,60.913,-63.293,-173.767
0.052,0.028,-0.551,80.444,-98.877,-204.163
-0.070,-0.474,-0.554,84.717,-133.850,-236.938
-0.201,-1.421,-0.334,36.011,-196.045,-240.051
-0.341,-2.166,0.213,21.606,-206.909,-182.373
-0.526,-1.648,1.255,18.738,-192.444,-113.586
-0.533,-0.968,1.399,7.874,-159.485,-68.176
-0.491,-0.556,1.303,-54.260,-93.628,-70.374
-0.353,-0.447,0.899,-71.716,-80.444,-83.557
-0.299,-0.411,0.802,-63.538,-81.421,-87.280
-0.281,-0.340,0.852,-16.418,-100.342,-80.444
-0.316,-0.333,1.058,-1.648,-102.295,-78.918
-0.460,-0.781,1.591,0.610,-92.651,-75.562
-0.507,-1.014,1.718,-5.859,-73.120,-63.965
-0.510,-1.072,1.673,-18.738,-23.376,-17.822
-0.450,-0.835,1.211,-22.034,-4.089,3.601
-0.410,-0.906,0.910,-29.724,6.592,17.090
-0.390,-1.253,0.665,-63.660,-4.822,49.866
-0.419,-1.753,0.537,-78.125,-22.949,92.651
-0.692,-2.014,0.805,-79.102,-40.710,156.006
-0.830,-1.407,1.023,-65.796,-47.607,223.206
-0.861,-0.599,1.063,-64.209,-25.024,276.611
-0.588,0.477,0.535,-83.435,-17.151,249.145
-0.392,0.532,0.258,-96.069,-25.513,202.637
-0.268,0.339,0.171,-78.125,-81.421,129.150
-0.242,0.087,0.259,-55.054,-111.267,120.728
-0.384,-0.033,0.720,-29.968,-133.667,125.977
-0.465,0.123,0.928,-5.371,-145.508,134.460
-0.525,0.352,1.083,33.875,-143.860,129.211
-0.564,0.876,1.232,44.556,-135.254,107.117
-0.569,1.004,1.267,46.326,-125.183,70.801
-0.583,0.946,1.322,26.733,-99.731,-18.250
-0.601,0.555,1.332,4.822,-84.290,-52.429
-0.697,-1.160,1.619,-18.799,-72.632,-57.739
-0.770,-1.767,1.867,-29.663,-58.472,-21.606
-0.862,-1.813,1.987,-22.522,-2.075,126.892
-1.148,-0.232,2.191,-20.142,32.837,183.960
-1.226,0.661,2.408,-29.480,75.073,193.970
-1.206,0.908,2.388,-132.080,197.998,80.933
-1.111,0.478,2.037,-195.557,250.732,19.104
-0.816,-0.772,1.005,-229.797,279.053,-7.690
-0.633,-0.909,0.561,-222.534,281.921,4.028
-0.466,-0.699,0.327,-126.953,234.558,76.111
-0.245,0.262,0.424,-74.341,203.308,98.572
-0.162,0.584,0.522,-42.603,176.331,94.971
-0.092,0.605,0.577,-47.729,138.489,30.823
-0.031,0.369,0.585,-55.237,125.427,2.441
0.070,-0.077,0.499,-48.767,113.464,-8.911
0.119,-0.149,0.441,-30.640,100.525,-7.507
-0.584,-0.125,-3.479,-681.641,38.940,-145.691
-0.156,-2.185,-4.000,-730.713,-11.658,-193.298
0.454,-3.948,-3.926,-402.405,-151.123,-72.693
0.834,-4.000,-2.141,-127.319,-186.707,111.450
0.421,-2.491,-0.406,141.968,-184.998,278.625
-0.177,0.218,1.234,603.394,-55.359,329.040
-0.808,2.895,1.789,671.997,22.461,224.670
-1.329,4.000,0.824,528.503,23.621,108.154
-0.962,3.731,1.496,226.196,-55.481,31.677
-0.417,3.083,2.506,-202.881,-116.272,-33.081
0.184,1.557,1.521,-189.209,-39.429,-61.218
0.235,0.896,0.184,-128.540,30.945,-79.346
0.295,0.346,-0.705,-122.742,42.175,-76.355
0.387,-0.126,-1.068,-139.709,24.536,-64.819
0.461,-0.685,-1.357,-128.967,17.822,-50.903
0.408,-0.733,-1.528,-90.637,18.799,-35.339
0.319,-0.651,-1.648,7.141,16.663,-2.625
0.122,-0.345,-1.739,40.222,9.094,11.353
0.060,-0.130,-1.624,53.955,-3.540,23.560
0.022,0.073,-1.464,39.734,-28.503,35.461
0.007,0.171,-1.314,33.142,-38.025,35.889
0.044,0.249,-0.880,35.095,-43.945,37.354
0.063,0.327,-0.713,43.701,-43.457,39.612
0.078,0.412,-0.570,61.707,-31.860,41.199
0.058,0.537,-0.541,64.636,-23.193,39.185
0.028,0.542,-0.675,60.547,-17.395,36.316
-0.015,0.562,-0.851,23.193,-24.475,33.936
-0.048,0.568,-1.000,1.953,-35.156,31.189
0.006,0.378,-1.063,-9.338,-43.457,26.428
0.059,0.143,-1.168,-10.437,-46.448,21.973
0.115,-0.087,-1.261,2.808,-54.749,30.823
0.204,-0.359,-1.393,13.916,-61.584,43.335
0.244,-0.386,-1.340,27.283,-70.801,58.777
0.256,-0.256,-1.192,57.800,-84.106,93.689
0.236,-0.004,-1.014,74.097,-84.961,104.248
0.201,0.525,-0.593,81.360,-83.252,108.154
0.195,0.708,-0.427,74.890,-80.139,107.971
0.194,0.853,-0.232,46.021,-74.036,104.492
0.188,1.184,0.220,40.161,-65.796,101.196
0.174,1.385,0.361,41.077,-51.392,94.055
0.156,1.521,0.366,41.260,-14.221,63.660
0.151,1.525,0.278,35.034,-0.305,46.204
0.180,1.293,0.037,25.269,9.460,32.898
0.194,1.157,-0.081,13.977,15.869,24.780
0.205,1.032,-0.184,-10.010,22.278,20.264
0.229,0.762,-0.330,-22.461,24.109,21.973
0.245,0.600,-0.373,-29.663,26.245,26.001
0.265,0.403,-0.420,-17.883,31.555,42.847
0.295,0.142,-0.446,-8.423,33.508,59.753
0.350,-0.466,-0.460,-1.831,36.377,85.571
0.350,-0.713,-0.420,4.456,38.818,121.765
0.317,-0.771,-0.294,35.706,46.204,214.661
0.049,-0.292,-0.155,56.396,56.946,256.775
-0.158,0.441,-0.138,70.618,68.237,286.377
-0.339,1.405,-0.107,65.674,94.910,255.310
-0.544,2.081,-0.672,50.720,114.990,187.012
-0.599,1.514,-1.289,30.396,125.671,114.319
-0.651,0.901,-1.868,6.836,112.732,68.359
-0.686,0.634,-2.089,-38.940,14.954,72.205
-0.603,0.953,-1.201,-52.551,-32.776,86.426
-0.521,1.093,-0.685,-48.584,-51.331,87.952
-0.466,1.104,-0.465,11.353,-13.672,62.744
-0.462,0.929,-0.654,44.556,9.766,50.903
-0.480,0.755,-0.820,64.697,20.508,45.776
-0.482,0.547,-0.881,72.266,15.503,49.805
-0.462,0.429,-0.735,64.697,-21.667,87.708
-0.428,1.033,0.242,52.429,-31.250,109.741
-0.452,1.780,0.933,38.574,-19.470,115.906
-0.548,2.515,1.461,9.216,91.675,33.630
-1.018,2.860,1.146,-5.554,171.997,-51.208
-1.219,2.033,0.348,-18.738,236.999,-140.930
-1.223,0.973,-0.410,-50.842,250.244,-211.670
-1.067,0.384,-0.749,-65.491,215.149,-187.805
-0.790,0.349,-0.566,-78.613,186.157,-159.241
-0.686,0.201,-0.525,-82.642,173.767,-137.939
-0.665,1.955,-3.159,-146.301,47.241,-46.448
-0.451,0.974,-4.000,-219.055,-9.644,-97.473
-0.068,-0.417,-3.895,-280.823,-220.154,-78.430
0.453,-1.374,-1.190,-203.796,-272.583,1.221
0.451,-0.966,0.447,-45.349,-249.817,78.613
0.184,-0.096,1.660,309.875,-59.143,164.185
-0.303,1.183,2.151,376.709,22.705,156.067
-0.921,2.953,1.493,304.565,35.156,103.333
-0.681,2.556,2.009,118.652,-22.095,25.085
-0.254,1.691,2.734,-174.072,-55.115,-74.280
0.240,0.655,1.641,-152.222,18.250,-74.646
0.246,0.706,0.396,-84.412,86.975,-59.509
0.219,0.782,-0.478,-48.950,104.492,-37.781
0.200,0.757,-0.840,-66.528,84.351,-32.837
0.137,0.722,-1.095,-72.510,71.777,-28.137
0.105,0.719,-1.300,-63.721,66.406,-24.353
0.091,0.683,-1.454,-29.297,49.866,-16.907
0.085,0.656,-1.382,-11.902,37.964,-10.681
0.074,0.657,-1.294,5.554,28.503,-4.456
0.060,0.694,-1.203,33.936,13.672,5.615
0.042,0.750,-1.150,36.438,6.470,6.775
0.013,0.755,-1.240,28.198,-4.272,5.493
0.019,0.684,-1.209,14.099,-20.142,3.479
0.029,0.609,-1.141,-8.301,-49.133,5.737
0.044,0.439,-1.120,-7.019,-58.716,10.376
0.034,0.373,-1.138,1.038,-67.505,17.944
0.004,0.361,-1.138,22.217,-86.548,39.734
-0.038,0.422,-1.072,31.799,-93.933,48.584
-0.117,0.602,-1.040,39.429,-97.595,52.246
-0.131,0.599,-1.085,46.814,-101.685,51.697
-0.129,0.584,-1.020,65.796,-118.896,53.345
-0.126,0.721,-0.599,74.402,-124.573,56.519
-0.118,0.814,-0.387,81.421,-125.000,57.861
-0.114,0.874,-0.292,79.956,-120.544,54.504
-0.110,0.905,-0.234,64.148,-126.160,53.467
-0.082,0.964,0.144,44.861,-133.301,53.345
-0.065,0.989,0.413,31.616,-134.155,53.040
-0.062,1.044,0.694,38.757,-104.919,50.293
-0.120,1.205,0.852,53.467,-78.796,44.861
-0.150,1.250,0.766,60.852,-56.702,36.804
-0.159,1.276,0.671,25.452,-41.504,20.752
-0.140,1.269,0.630,-4.272,-42.419,13.916
-0.038,1.111,0.581,-27.405,-40.405,8.301
0.022,0.953,0.433,-41.504,-34.058,4.883
0.089,0.738,0.244,-48.889,-21.667,11.047
0.178,0.335,-0.074,-44.189,-19.531,24.963
0.185,0.222,-0.181,-34.241,-20.630,45.776
0.169,0.120,-0.323,0.122,-29.724,96.436
0.139,-0.007,-0.532,12.451,-42.725,126.465
0.064,-0.152,-0.648,20.020,-62.500,160.645
-0.002,-0.012,-0.353,32.104,-81.909,195.190
-0.089,0.385,0.155,69.214,-79.590,237.549
-0.242,1.310,0.725,78.796,-45.471,229.858
-0.312,1.496,0.463,80.750,-2.258,204.163
-0.377,1.505,0.029,63.599,43.091,138.184
-0.433,1.404,-0.431,40.771,32.654,113.953
-0.512,1.321,-0.704,16.907,6.104,97.595
-0.515,1.291,-0.494,-1.892,-21.729,84.900
-0.502,1.258,-0.230,-12.329,-39.246,66.711
-0.498,1.294,0.019,-2.563,-28.015,59.570
-0.505,1.284,-0.034,12.024,-12.512,51.575
-0.511,1.279,-0.120,32.776,2.869,36.255
-0.515,1.288,-0.171,31.921,-0.610,28.320
-0.473,1.239,0.030,24.841,-7.629,20.142
-0.435,1.203,0.210,15.259,-11.902,12.512
-0.400,1.132,0.378,-3.113,-2.563,0.000
-0.373,1.015,0.818,-12.756,11.597,-2.197
-0.399,1.013,0.981,-21.912,34.851,-2.502
-0.443,1.016,1.075,-33.203,99.854,-6.104
-0.502,1.044,1.092,-33.630,135.437,-11.047
-0.615,0.990,0.661,-28.809,166.199,-18.738
-0.631,0.861,0.367,-26.428,184.692,-25.330
-0.624,0.702,0.118,-42.419,184.753,-20.020
-0.560,0.421,-0.172,-51.819,174.072,-5.920
-0.525,0.374,-0.174,-55.420,162.231,13.489
-0.044,2.720,-1.205,8.301,81.726,6.592
0.188,2.460,-1.969,29.968,50.659,-40.283
0.273,2.160,-1.954,-7.263,-104.431,-98.938
0.099,0.980,-0.288,-6.470,-157.227,-110.046
0.003,0.164,0.561,30.518,-167.236,-101.074
-0.125,-0.282,1.176,117.920,-111.145,-18.494
-0.304,-0.136,1.524,109.375,-81.116,10.315
-0.534,0.538,1.675,53.406,-65.674,-1.770
-0.453,0.214,1.814,-27.954,-64.636,-43.579
-0.301,-0.217,1.961,-124.268,-48.950,-79.956
-0.058,-0.110,1.620,-106.445,-21.667,-58.228
0.002,0.320,1.243,-64.880,7.019,-31.982
0.040,0.817,0.750,-9.521,41.138,-10.559
0.083,1.188,0.248,-9.949,36.438,-19.287
0.139,1.525,-0.302,-20.813,20.020,-33.203
0.137,1.536,-0.330,-35.889,-2.258,-49.561
0.135,1.394,-0.237,-55.298,-43.274,-78.674
0.134,0.975,0.015,-48.035,-53.833,-82.275
0.124,0.909,0.078,-29.846,-57.434,-78.064
0.117,0.884,0.038,7.690,-59.753,-68.237
0.114,0.755,0.015,14.282,-69.092,-65.063
0.071,0.473,0.302,15.442,-80.505,-58.899
0.046,0.391,0.468,16.785,-88.806,-51.941
0.036,0.284,0.632,12.268,-95.520,-40.283
0.048,0.009,0.863,2.991,-93.933,-31.494
0.033,-0.022,0.962,-6.226,-89.966,-18.066
-0.004,0.087,1.002,-10.559,-74.402,8.911
-0.031,0.208,0.959,-5.981,-67.627,14.526
-0.037,0.269,0.760,0.000,-64.697,18.433
-0.038,0.303,0.685,6.226,-67.017,23.743
-0.038,0.380,0.673,11.902,-78.857,36.011
-0.026,0.572,0.650,9.155,-83.801,39.185
-0.028,0.637,0.687,5.676,-88.989,39.978
-0.043,0.669,0.795,14.038,-92.346,40.405
-0.062,0.671,0.883,20.691,-86.914,42.358
-0.102,0.647,1.127,19.836,-79.468,45.898
-0.139,0.722,1.281,13.184,-67.078,50.903
-0.182,0.860,1.348,-1.099,-24.841,53.589
-0.245,1.159,1.221,-12.512,-2.808,45.959
-0.242,1.165,1.045,-27.710,14.343,31.555
-0.207,1.031,0.905,-48.340,23.743,1.831
-0.154,0.828,0.832,-46.631,21.606,-1.587
-0.078,0.563,0.763,-38.513,19.043,4.150
-0.070,0.540,0.767,-26.794,17.395,15.076
-0.079,0.554,0.797,-2.380,19.775,38.330
-0.119,0.581,0.894,4.517,23.682,46.997
-0.131,0.573,0.921,6.714,29.785,53.772
-0.135,0.583,0.853,-0.305,46.082,64.087
-0.131,0.583,0.705,-7.263,48.340,67.627
-0.137,0.566,0.590,-13.916,45.349,71.899
-0.162,0.596,0.622,-18.860,41.809,77.576
-0.187,0.629,0.609,-19.531,41.626,89.416
-0.224,0.720,0.424,-16.174,40.527,94.788
-0.236,0.756,0.347,-10.376,35.400,98.938
-0.258,0.818,0.351,3.601,19.104,103.882
-0.287,0.907,0.402,12.268,14.038,102.356
-0.327,0.930,0.543,19.958,11.230,98.816
-0.388,1.015,0.703,21.240,10.620,96.252
-0.486,1.206,0.946,3.052,27.039,81.421
-0.697,1.608,1.485,-13.245,50.659,60.852
-0.781,1.722,1.527,-34.912,84.839,31.616
-0.824,1.792,1.299,-95.276,147.949,-42.725
-0.810,1.797,0.963,-129.578,159.058,-84.839
-0.651,1.468,0.569,-162.354,159.363,-124.329
-0.541,1.157,0.499,-186.707,155.579,-153.564
-0.420,0.875,0.407,-177.124,152.283,-164.856
-0.156,0.526,0.063,-142.090,150.879,-150.269
-0.033,0.493,-0.102,-96.252,145.447,-127.625
0.063,0.494,-0.194,-4.700,121.521,-79.834
0.139,0.559,-0.118,30.518,106.140,-59.509
0.130,0.655,-0.050,56.152,91.614,-42.969
0.109,0.805,-0.033,69.458,78.003,-32.104
0.097,0.919,-0.063,48.523,44.739,-36.987
0.131,0.760,0.086,19.836,22.888,-47.241
0.146,0.622,0.288,-6.775,5.310,-52.917
-0.216,3.175,-0.498,-227.539,139.343,-7.751
0.309,2.919,-2.025,-182.739,144.897,-75.073
0.981,1.940,-3.630,-5.859,13.428,-124.084
0.610,1.455,-3.504,89.478,-169.800,-79.590
-0.248,0.961,-1.206,182.373,-341.614,-50.781
-0.917,-0.206,1.607,317.749,-359.131,-21.118
-1.334,-0.804,3.708,270.752,-243.408,8.606
-1.410,-0.020,4.000,135.864,-117.493,-4.822
-0.903,-0.625,3.212,-11.292,-24.719,-61.707
-0.289,-1.223,2.062,-76.294,58.594,-59.753
0.346,0.029,0.244,-13.367,59.570,0.122
0.442,0.706,0.044,43.030,39.734,36.377
0.476,0.989,-0.001,94.177,6.775,36.743
0.464,1.075,-0.067,124.329,-0.122,32.410
0.310,1.249,-0.150,153.564,-9.277,30.945
0.190,1.355,-0.048,171.509,-23.804,27.222
0.076,1.420,0.084,218.689,-55.176,4.761
-0.086,1.439,0.289,247.437,-68.237,-12.329
-0.151,1.325,0.466,255.737,-79.956,-32.898
-0.208,1.059,0.714,226.440,-87.280,-66.467
-0.258,0.740,0.997,205.994,-77.515,-66.101
-0.352,0.882,1.171,187.622,-59.570,-58.472
-0.364,1.148,1.069,170.471,-41.687,-59.265
-0.343,1.261,0.986,114.380,-23.010,-98.694
-0.225,1.081,0.873,85.876,-18.311,-119.812
-0.138,0.929,0.770,68.604,-14.282,-132.996
-0.054,0.727,0.693,55.420,-13.184,-139.709
0.010,0.472,0.682,58.350,-13.977,-135.071
0.067,-0.059,0.722,66.772,-14.404,-125.793
0.060,-0.236,0.822,72.937,-15.686,-113.953
0.053,-0.373,0.949,60.791,-12.939,-95.764
0.083,-0.599,1.065,44.861,-8.118,-90.271
0.119,-0.677,1.031,26.917,-3.113,-83.374
0.152,-0.679,0.969,4.211,0.916,-57.495
0.181,-0.605,0.869,0.793,-2.563,-42.786
0.218,-0.396,0.715,1.099,-10.559,-30.029
0.229,-0.267,0.581,7.202,-21.790,-19.958
0.239,-0.137,0.384,34.973,-61.768,-12.817
0.207,0.140,0.010,57.861,-93.628,-17.029
0.155,0.325,-0.037,81.055,-130.920,-27.222
0.084,0.413,0.017,72.754,-200.562,-63.049
0.003,0.278,0.200,53.284,-225.037,-75.928
-0.169,-0.250,0.879,41.321,-236.816,-75.562
-0.236,-0.395,1.142,36.255,-233.520,-62.500
-0.293,-0.514,1.417,25.513,-200.684,-17.151
-0.433,-0.593,2.214,24.048,-169.495,13.794
-0.492,-0.265,2.300,26.794,-121.887,45.776
-0.519,0.264,1.987,14.099,-22.156,61.646
-0.495,0.724,1.422,-0.977,-2.075,33.997
-0.312,0.597,0.632,-11.475,-6.165,-2.441
-0.231,0.196,0.563,-12.939,-23.865,-27.527
-0.195,-0.117,0.641,9.827,-61.829,-15.381
-0.253,-0.050,0.823,24.048,-72.266,5.615
-0.302,0.094,0.894,31.799,-78.308,18.677
-0.344,0.052,1.016,15.137,-80.750,15.686
-0.379,-0.265,1.276,-7.996,-72.571,18.311
-0.490,-1.388,2.198,-37.720,-48.523,40.039
-0.601,-1.740,2.376,-69.946,-2.930,86.182
-0.746,-1.640,2.066,-106.079,112.000,219.604
-0.849,-0.298,0.369,-98.816,140.686,269.348
-0.734,0.374,-0.314,-85.144,128.296,287.048
-0.576,0.714,-0.530,-52.856,16.907,243.530
-0.461,0.679,-0.344,-38.635,-39.246,214.783
-0.506,0.266,0.370,-24.048,-79.895,200.256
-0.637,0.308,0.759,-6.592,-104.126,200.256
-0.751,0.523,1.058,36.865,-102.051,201.599
-0.884,1.100,1.583,37.659,-87.524,183.411
-0.984,1.351,2.066,11.536,-66.711,147.888
-1.120,1.549,2.607,-69.702,29.907,37.964
-1.259,1.537,2.975,-105.591,109.131,-25.757
-1.371,0.997,2.599,-136.292,191.345,-80.627
-1.323,0.783,2.107,-172.363,260.681,-121.338
-1.216,0.651,1.584,-257.202,334.228,-171.509
-0.803,0.234,0.839,-266.541,342.895,-180.542
-0.532,-0.103,0.562,-246.826,340.942,-170.471
-0.321,2.781,2.494,23.193,-6.714,79.407
-0.174,3.755,2.378,65.125,32.532,33.813
-0.046,3.920,2.132,55.237,104.004,-174.683
0.261,1.438,0.654,13.550,119.019,-262.939
0.317,0.049,0.003,-1.892,98.755,-284.973
0.204,-0.805,-0.182,64.392,0.122,-185.608
-0.021,-1.173,0.052,81.787,-31.860,-136.658
-0.356,-1.668,0.688,53.406,-39.185,-113.586
-0.358,-2.012,0.738,-9.094,-28.503,-104.797
-0.273,-2.190,0.629,-90.759,-1.343,-59.631
-0.056,-1.568,0.544,-77.759,-0.366,-21.973
0.012,-1.133,0.684,-50.903,-5.920,8.789
0.056,-0.774,0.883,-15.198,-13.916,42.358
0.097,-0.432,1.040,-12.573,-11.353,50.476
0.160,0.252,1.188,-16.235,-7.263,52.307
0.174,0.475,1.224,-21.179,-2.563,46.875
0.178,0.559,1.226,-23.254,6.531,23.621
0.145,0.590,1.230,-19.348,9.155,13.367
0.124,0.578,1.219,-14.771,11.841,4.028
0.099,0.530,1.218,-8.301,17.151,-12.207
0.068,0.495,1.233,-6.470,20.996,-17.944
0.007,0.535,1.256,-8.118,26.001,-23.743
-0.008,0.614,1.212,-13.062,31.738,-31.189
0.002,0.682,1.112,-29.663,37.537,-56.824
0.080,0.677,0.868,-37.354,33.997,-72.693
0.121,0.643,0.839,-36.133,26.428,-86.365
0.155,0.642,0.888,-9.949,14.526,-106.384
0.182,0.615,0.896,-0.854,14.404,-118.835
0.212,0.145,0.665,2.380,12.634,-131.714
0.208,-0.225,0.578,6.409,5.188,-138.062
0.186,-0.483,0.588,29.785,-19.592,-119.995
0.099,-0.616,0.796,38.574,-28.381,-107.117
0.056,-0.702,0.886,36.499,-30.945,-99.182
0.035,-0.845,0.918,11.475,-22.156,-85.205
0.035,-0.990,0.919,0.916,-17.029,-69.885
0.053,-0.945,0.961,-5.249,-12.207,-49.438
0.070,-0.767,0.922,-8.911,-7.019,-30.273
0.093,-0.607,0.841,-13.184,-5.493,-10.559
0.120,-0.441,0.669,-11.841,-13.428,-7.385
0.116,-0.382,0.615,-5.859,-26.672,-5.676
0.107,-0.235,0.499,20.325,-65.186,-9.216
0.105,-0.042,0.334,39.124,-93.506,-21.851
0.103,0.084,0.189,57.190,-126.587,-38.818
0.067,0.054,0.260,70.068,-159.241,-54.077
-0.017,-0.095,0.421,63.599,-203.064,-73.242
-0.261,-0.604,1.277,50.171,-207.458,-70.984
-0.330,-0.639,1.676,39.185,-190.552,-57.800
-0.347,-0.485,1.842,10.254,-110.779,-30.701
-0.326,-0.246,1.787,-13.794,-71.106,-30.396
-0.224,-0.017,1.282,-36.072,-43.640,-36.804
-0.175,-0.015,1.077,-45.715,-30.762,-42.480
-0.148,0.026,0.980,-21.179,-34.485,-41.077
-0.135,0.290,0.891,-0.183,-42.114,-42.786
-0.129,0.354,0.848,15.076,-50.903,-52.429
-0.130,0.296,0.771,20.386,-69.336,-84.839
-0.138,0.038,0.699,13.062,-81.116,-95.398
-0.193,-1.025,0.776,1.892,-93.445,-89.355
-0.254,-1.529,0.886,-9.705,-103.333,-60.730
-0.363,-1.934,1.097,-33.203,-107.422,53.528
-0.699,-2.068,1.595,-47.668,-90.088,128.296
-0.849,-1.527,1.485,-63.782,-59.143,200.806
-0.917,-0.731,1.194,-94.116,-4.089,270.142
-0.889,-0.026,0.890,-108.887,5.310,254.761
-0.658,0.697,0.483,-112.061,0.977,218.201
-0.519,0.721,0.395,-98.206,-13.123,172.913
-0.409,0.521,0.384,-63.477,-56.824,101.929
-0.378,0.011,0.598,-56.396,-81.299,91.064
-0.472,-0.047,0.911,-49.316,-102.112,95.398
-0.633,0.043,1.482,-29.602,-100.952,116.699
-0.822,0.172,2.248,-35.461,-58.777,116.821
-1.170,0.446,3.429,-59.753,14.404,107.422
-1.321,0.672,3.565,-98.083,110.779,89.050
-1.363,0.672,3.153,-213.257,321.411,20.081
-1.088,0.047,1.355,-266.418,386.780,-5.920
-0.769,0.063,0.431,-272.095,405.579,-6.958
