aX,aY,aZ,gX,gY,gZ
0.469,3.724,-4.000,394.531,44.373,-88.013
0.446,2.208,-4.000,173.462,-178.406,-243.408
0.144,-0.228,-3.026,164.429,-466.248,-344.849
-0.888,-2.970,0.233,323.425,-511.780,-238.464
-1.580,-2.609,2.338,414.795,-526.001,-104.919
-2.138,-1.633,3.970,198.547,-386.841,-24.719
-2.300,-1.071,4.000,-5.920,-219.727,-102.051
-1.494,-2.488,3.253,-152.893,-67.017,-173.889
-0.986,-2.907,2.268,-195.618,22.400,-173.584
-0.655,-2.436,1.626,-98.633,54.810,-27.161
-0.358,-0.689,1.186,-70.374,54.626,18.066
-0.227,-0.269,1.016,-75.073,57.678,23.499
-0.106,-0.099,0.749,-97.412,55.664,-2.258
-0.023,-0.019,0.500,-90.698,40.405,-7.935
0.010,0.062,0.340,-70.618,19.470,-8.179
-0.026,0.094,0.404,-43.701,-1.587,-5.859
-0.072,0.096,0.502,2.258,-32.898,-6.409
-0.143,0.020,0.761,13.000,-44.128,-7.996
-0.180,0.054,0.868,18.982,-49.683,-9.094
-0.215,0.084,0.889,14.648,-52.124,-23.132
-0.244,0.091,0.974,6.958,-53.528,-34.180
-0.265,-0.033,1.057,2.686,-48.889,-44.373
-0.263,-0.121,1.029,-0.488,-43.396,-51.025
-0.268,-0.172,1.012,-8.667,-38.879,-53.467
-0.298,-0.182,0.911,-9.827,-36.804,-54.199
-0.315,-0.222,0.864,-11.414,-36.438,-56.702
-0.333,-0.290,0.856,-17.334,-41.321,-59.570
-0.350,-0.388,0.893,-22.888,-44.739,-56.030
-0.395,-0.564,1.173,-32.104,-47.363,-47.424
-0.430,-0.550,1.341,-39.490,-44.861,-35.034
-0.464,-0.487,1.462,-41.077,-19.531,-12.817
-0.501,-0.425,1.706,-44.861,-0.916,-6.653
-0.508,-0.465,1.824,-51.453,21.545,-2.014
-0.519,-0.515,1.901,-64.636,74.341,12.756
-0.541,-0.493,1.910,-63.721,103.882,21.790
-0.592,-0.217,1.633,-54.810,133.667,26.855
-0.570,-0.084,1.391,-43.884,157.471,26.306
-0.508,-0.041,1.219,-39.490,171.265,14.465
-0.343,-0.148,1.128,-44.739,169.373,9.460
-0.260,-0.256,1.095,-50.354,168.579,7.568
-0.193,-0.349,1.085,-48.584,169.128,20.569
-0.150,-0.362,1.106,-35.278,172.363,33.813
-0.140,-0.115,0.920,-18.860,176.758,46.143
-0.132,0.102,0.753,-8.789,175.720,52.673
-0.100,0.246,0.629,-21.606,154.541,36.499
0.029,0.188,0.471,-33.325,140.991,20.508
0.112,-0.014,0.438,-40.894,126.770,6.775
0.185,-0.220,0.463,-37.354,96.680,8.667
0.230,-0.326,0.537,-29.236,84.656,22.583
0.222,-0.164,0.596,-20.935,75.928,37.170
0.188,0.065,0.586,-15.930,67.810,46.448
0.167,0.258,0.587,-24.414,48.096,34.546
0.213,0.177,0.637,-36.194,37.476,18.311
0.251,-0.014,0.682,-46.021,28.687,6.104
0.266,-0.123,0.714,-38.818,20.508,9.399
0.255,-0.101,0.730,-27.283,18.494,16.602
0.214,0.092,0.768,-19.775,15.869,20.508
0.205,0.145,0.789,-17.761,12.695,20.081
0.199,0.152,0.795,-19.470,7.080,12.512
0.175,0.126,0.768,-20.813,3.784,8.972
0.152,0.130,0.782,-23.132,-1.160,6.714
0.123,0.164,0.843,-25.574,-12.268,5.371
0.088,0.231,0.923,-24.231,-14.038,3.235
0.015,0.361,0.967,-24.048,-13.977,-1.770
-0.020,0.395,0.988,-26.184,-14.526,-8.911
-0.059,0.420,1.029,-28.015,-16.541,-24.536
-0.136,0.484,1.159,-24.170,-16.663,-31.433
-0.161,0.536,1.232,-18.005,-14.709,-38.269
-0.168,0.579,1.278,-6.226,-1.770,-54.993
-0.161,0.607,1.272,-0.488,7.385,-64.636
-0.115,0.634,1.089,4.700,15.076,-75.134
-0.086,0.630,0.994,8.667,19.287,-86.426
-0.060,0.630,0.915,15.381,19.043,-108.398
-0.006,0.593,0.861,16.907,14.893,-119.629
0.047,0.451,0.890,17.700,10.498,-131.470
0.120,0.241,0.925,22.766,7.935,-141.357
0.187,0.058,0.950,28.564,9.827,-135.071
0.214,0.008,0.954,35.950,12.634,-126.221
0.199,0.031,0.936,41.748,15.320,-120.728
0.191,0.003,0.913,33.875,15.198,-121.704
0.204,-0.210,0.883,24.963,13.611,-124.268
0.227,-0.357,0.877,21.484,13.184,-125.244
0.249,-0.484,0.859,25.940,15.381,-117.371
0.271,-0.639,0.840,27.954,15.686,-109.192
0.280,-0.691,0.856,28.259,15.503,-99.915
0.292,-0.736,0.886,26.428,15.503,-90.210
0.309,-0.765,0.917,22.278,18.127,-69.031
0.345,-0.746,0.934,20.386,20.630,-57.922
0.354,-0.690,0.956,15.747,22.583,-47.607
0.356,-0.620,0.986,-5.676,26.672,-33.630
0.366,-0.512,0.934,-17.700,29.968,-30.273
0.388,-0.507,0.849,-27.283,32.959,-28.503
0.407,-0.502,0.734,-34.851,34.302,-26.428
0.411,-0.443,0.593,-44.678,27.222,-19.592
0.382,-0.284,0.374,-46.509,16.479,-18.616
0.368,-0.251,0.367,-45.288,2.380,-19.653
0.350,-0.237,0.384,-34.668,-24.963,-22.644
0.285,-0.097,0.350,-27.649,-37.048,-25.269
0.251,-0.034,0.297,-21.851,-49.805,-31.128
0.214,0.031,0.233,-19.287,-64.209,-39.063
0.166,0.142,0.142,-23.132,-98.999,-60.852
0.023,0.506,-0.063,-22.888,-121.582,-79.895
-0.053,0.571,-0.081,-21.484,-149.963,-106.323
-0.114,0.481,0.041,-7.324,-211.609,-159.729
-0.187,0.062,0.338,8.606,-232.178,-174.011
-0.221,-0.145,0.454,22.156,-247.192,-177.063
-0.267,-0.276,0.604,41.809,-267.090,-157.532
-0.337,-0.304,0.715,56.458,-271.667,-143.738
-0.533,-0.177,0.919,69.580,-276.367,-133.301
-0.604,-0.209,1.122,74.341,-278.931,-128.174
-0.640,-0.330,1.383,65.247,-261.353,-120.239
-0.665,-0.588,1.860,52.856,-239.380,-109.741
-0.693,-0.551,1.937,38.208,-209.290,-95.093
-0.738,-0.404,1.848,22.034,-136.780,-78.247
-0.785,-0.240,1.636,16.907,-105.774,-82.886
-0.810,-0.240,1.163,8.911,-84.595,-92.651
-0.781,-0.433,1.046,-0.427,-73.547,-100.037
-0.743,-0.652,1.023,-8.179,-64.880,-87.830
-0.702,-0.879,1.100,-5.249,-59.692,-69.092
-0.702,-0.873,1.111,-2.014,-52.002,-47.791
-0.705,-0.899,1.139,-17.151,-35.461,-10.132
-0.706,-0.949,1.188,-32.349,-23.926,9.521
-0.703,-1.094,1.178,-50.232,-11.230,30.579
-0.720,-1.070,1.126,-67.383,0.000,54.260
-0.740,-1.029,1.080,-81.177,21.179,102.234
-0.765,-1.076,1.168,-88.257,31.372,125.000
-0.767,-1.190,1.266,-101.624,43.945,147.705
-0.780,-1.353,1.313,-139.587,85.937,200.439
-0.825,-1.483,1.272,-155.884,112.305,235.107
-1.029,-1.405,0.907,-162.354,137.024,273.865
-1.147,-1.120,0.587,-157.410,153.992,312.927
-1.219,-0.709,0.248,-137.756,144.531,360.718
-1.171,-0.106,-0.082,-138.733,118.530,360.413
-1.113,-0.009,0.033,-147.400,85.876,351.257
-1.077,0.033,0.380,-130.066,40.405,332.703
-1.054,0.096,0.790,-89.661,45.410,324.951
-1.010,0.328,1.056,-52.734,59.082,316.467
-1.003,0.712,1.010,-32.532,69.092,305.725
-0.964,1.177,0.874,-40.955,69.641,235.474
-0.711,1.231,0.669,-65.918,57.495,174.072
-0.559,0.815,0.682,-90.149,43.091,116.943
-0.443,0.359,0.763,-96.863,22.400,72.571
-0.384,0.075,0.891,-73.914,20.447,84.229
-0.426,0.265,0.971,-42.725,23.743,102.112
-0.463,0.562,0.920,-16.174,26.550,112.427
-0.472,0.786,0.896,-4.089,19.165,89.355
-0.429,0.843,0.890,-12.817,12.939,63.965
-0.394,0.727,0.913,-24.658,6.775,37.720
-0.346,0.538,0.964,-43.335,-0.061,-0.793
-0.298,0.333,0.999,-43.823,1.038,-6.653
0.626,0.054,-2.778,-21.240,-121.704,-96.436
0.431,-0.926,-1.539,-3.723,-257.507,-114.624
0.098,-1.701,-0.138,156.433,-374.207,-4.517
-0.775,-1.323,2.660,239.197,-362.305,87.585
-1.146,-0.237,3.743,276.550,-311.584,154.236
-1.333,0.796,4.000,156.128,-124.207,102.783
-1.303,1.190,4.000,21.057,-28.015,9.766
-0.779,-0.058,2.812,-100.281,49.316,-70.007
-0.466,-0.700,1.942,-159.119,103.760,-101.685
-0.228,-0.804,1.119,-106.995,140.869,-46.082
0.001,-0.068,0.160,-62.012,123.047,-14.771
0.049,0.172,0.162,-33.936,90.576,-3.967
0.079,0.196,0.348,-17.761,31.860,-16.357
0.085,0.158,0.552,-14.343,16.968,-20.935
0.044,0.179,0.716,-12.939,9.033,-24.597
0.018,0.147,0.762,-13.367,3.479,-28.870
-0.014,0.125,0.816,-2.502,-3.906,-31.860
-0.100,0.183,0.929,7.385,-5.737,-31.006
-0.151,0.247,0.986,16.785,-6.592,-30.640
-0.202,0.337,1.031,29.907,-5.676,-36.133
-0.245,0.430,1.059,29.114,-5.249,-44.373
-0.298,0.571,1.109,23.560,-5.005,-55.969
-0.313,0.602,1.120,16.602,-3.662,-70.129
-0.329,0.609,1.119,13.489,2.686,-100.403
-0.366,0.587,1.101,20.386,6.653,-114.441
-0.386,0.557,1.134,30.029,10.071,-127.014
-0.409,0.535,1.199,44.312,20.081,-148.621
-0.422,0.498,1.255,41.382,27.710,-160.828
-0.381,0.165,1.285,31.860,36.133,-171.509
-0.348,0.009,1.236,24.353,45.471,-176.392
-0.325,-0.087,1.141,22.034,61.035,-173.096
-0.326,-0.116,0.978,22.522,63.904,-171.509
-0.318,-0.176,0.903,23.071,64.331,-174.255
-0.279,-0.353,0.860,20.203,59.631,-184.021
-0.215,-0.605,0.864,15.991,56.946,-180.664
-0.057,-1.067,0.889,11.047,55.542,-168.213
0.006,-1.137,0.878,9.033,55.054,-147.339
0.044,-1.055,0.851,16.663,53.711,-99.243
0.071,-0.707,0.819,18.250,51.270,-83.862
0.078,-0.601,0.831,13.367,47.791,-77.026
0.094,-0.582,0.847,-4.333,41.687,-76.599
0.124,-0.634,0.860,-8.362,40.283,-74.585
0.198,-0.738,0.877,-9.460,40.039,-67.749
0.228,-0.717,0.874,-10.376,40.466,-57.373
0.251,-0.657,0.855,-13.916,42.786,-37.048
0.267,-0.482,0.755,-15.930,43.518,-29.663
0.266,-0.369,0.696,-19.592,41.809,-24.902
0.270,-0.291,0.658,-35.278,31.067,-25.635
0.281,-0.267,0.635,-43.091,24.841,-27.771
0.302,-0.286,0.572,-44.800,19.348,-27.893
0.299,-0.231,0.509,-39.734,14.099,-25.513
0.281,-0.138,0.426,-30.823,-1.892,-23.071
0.186,0.094,0.255,-32.104,-14.282,-26.917
0.130,0.188,0.189,-31.006,-28.687,-35.400
0.084,0.230,0.120,-21.240,-63.660,-61.157
0.019,0.177,0.218,-10.132,-84.167,-72.937
-0.013,0.159,0.298,8.057,-99.915,-82.886
-0.039,0.095,0.360,23.987,-110.779,-93.018
-0.043,-0.056,0.428,32.104,-130.249,-107.483
-0.042,-0.248,0.495,41.687,-139.343,-104.797
-0.083,-0.209,0.539,59.387,-149.048,-99.060
-0.137,-0.212,0.665,77.148,-170.105,-94.971
-0.208,-0.572,1.265,64.636,-175.903,-91.675
-0.251,-0.675,1.513,47.119,-171.814,-79.468
-0.310,-0.635,1.597,32.776,-137.390,-42.847
-0.381,-0.523,1.579,33.508,-119.019,-30.396
-0.516,-0.319,1.542,31.372,-103.821,-23.254
-0.571,-0.276,1.551,25.330,-89.172,-20.142
-0.600,-0.272,1.534,14.832,-58.411,-21.301
-0.607,-0.321,1.555,7.568,-46.082,-23.682
-0.586,-0.381,1.549,0.549,-33.203,-24.902
-0.561,-0.425,1.512,-6.226,-7.446,-19.958
-0.538,-0.426,1.460,-7.935,3.723,-15.747
-0.499,-0.361,1.267,-9.155,13.611,-12.878
-0.470,-0.346,1.115,-9.277,20.508,-12.512
-0.428,-0.388,1.003,-12.329,19.165,-15.808
-0.318,-0.660,0.955,-15.259,14.282,-14.343
-0.270,-0.821,0.992,-16.907,10.071,-7.019
-0.245,-0.901,1.020,-17.395,8.484,25.330
-0.252,-0.878,1.024,-20.264,9.888,42.175
-0.310,-0.721,0.936,-27.039,11.353,53.162
-0.322,-0.736,0.858,-38.086,11.597,57.434
-0.313,-0.839,0.785,-63.416,6.714,60.852
-0.280,-1.191,0.710,-72.266,3.357,68.665
-0.282,-1.349,0.702,-77.759,0.488,84.900
-0.318,-1.379,0.713,-71.289,-2.441,141.907
-0.396,-1.212,0.745,-62.927,-2.991,171.326
-0.569,-0.575,0.861,-58.594,-2.258,189.880
-0.611,-0.341,0.883,-62.073,0.061,194.153
-0.605,-0.285,0.859,-84.900,6.653,175.537
-0.531,-0.492,0.712,-88.257,9.094,169.739
-0.515,-0.551,0.663,-80.811,9.033,174.194
-0.539,-0.469,0.668,-42.847,1.465,205.872
-0.597,-0.230,0.695,-24.292,-4.089,218.933
-0.713,0.412,0.847,-17.700,-11.230,221.436
-0.740,0.695,0.977,-22.278,-17.517,211.731
-0.730,0.888,1.078,-42.175,-18.799,161.865
-0.642,1.021,1.020,-50.720,-16.479,130.615
-0.580,1.008,0.859,-55.359,-17.212,100.342
-0.514,0.946,0.675,-43.762,-37.842,51.147
-0.457,0.852,0.588,-27.893,-56.946,36.926
-0.418,0.683,0.830,-9.949,-74.768,28.442
-0.444,0.696,0.988,5.615,-85.999,22.949
-0.487,0.791,1.079,20.508,-90.332,3.967
-0.530,0.751,1.271,18.250,-89.172,-14.832
-0.487,0.401,1.538,10.010,-86.548,-34.119
-0.425,-0.041,1.876,-1.038,-56.580,-33.447
-0.392,-0.345,2.136,0.305,-25.085,-10.193
-0.471,-0.482,2.442,-2.747,12.390,17.029
-0.566,-0.438,2.552,-14.160,54.504,42.603
-0.681,-0.320,2.518,-40.100,151.428,75.439
-0.841,-0.190,2.035,-49.561,196.655,77.209
-0.845,-0.275,1.724,-62.195,233.093,72.754
-0.801,-0.359,1.368,-74.585,273.437,70.862
-0.714,-0.339,0.986,-65.552,272.827,75.073
-0.445,-0.122,0.496,-55.542,259.460,77.271
-0.314,-0.042,0.445,-50.476,239.136,76.050
-0.217,0.064,0.446,-42.053,196.045,67.505
-0.070,0.344,0.336,-37.231,174.927,57.312
0.006,0.397,0.248,-33.875,151.855,41.321
0.094,0.316,0.219,-26.611,100.281,3.845
0.175,0.184,0.263,-19.897,77.881,-5.615
0.232,0.169,0.411,-11.536,60.364,-9.216
0.235,0.169,0.484,-6.104,46.875,-12.878
0.243,0.101,0.551,-2.380,29.541,-19.775
0.254,0.036,0.568,1.465,25.574,-19.104
0.256,0.034,0.520,4.028,21.912,-18.372
0.260,-0.011,0.528,-2.075,7.141,-18.799
0.255,-0.072,0.596,-6.226,0.854,-16.052
0.205,-0.028,0.671,-9.216,-2.930,-12.268
0.179,0.036,0.678,-11.841,-6.470,-10.437
0.167,0.036,0.714,-15.442,-14.587,-14.709
0.174,-0.077,0.803,-12.146,-16.541,-14.648
0.181,-0.076,0.839,-4.822,-17.090,-11.536
0.179,-0.035,0.897,4.089,-16.846,-6.714
0.171,-0.010,0.963,0.732,-14.893,-8.118
0.170,-0.072,1.003,-3.479,-11.414,-9.460
0.171,-0.081,0.992,-5.249,-8.118,-8.484
0.166,-0.047,0.988,-5.493,-5.371,-3.540
0.153,0.026,1.008,-5.188,-4.944,-3.174
0.159,0.025,1.015,-4.395,-4.333,-4.150
0.169,0.017,1.009,-2.869,-3.662,-5.127
0.179,0.015,0.988,-4.211,-4.272,-4.761
0.196,0.024,0.981,-5.493,-5.371,-4.639
0.203,0.004,1.011,-6.836,-6.348,-4.578
0.205,-0.019,1.051,-5.737,-5.066,-0.488
0.187,0.042,1.067,-1.709,-2.197,2.747
0.178,0.103,1.029,0.305,0.488,3.845
0.176,0.130,0.983,-2.869,1.160,-2.869
0.182,0.119,0.939,-3.845,-0.916,-7.507
-0.089,-1.231,0.933,8.789,-24.780,179.810
-0.027,-0.631,0.959,24.597,-7.324,203.674
0.107,0.205,0.900,59.692,47.302,190.674
0.558,1.824,0.151,71.655,77.576,143.677
0.869,2.418,-0.581,75.012,97.595,78.125
1.134,2.734,-1.066,52.795,45.410,-100.586
1.212,2.508,-1.052,23.132,-8.911,-192.078
0.891,0.664,-0.245,-11.597,-59.387,-249.695
0.570,-0.312,0.119,-39.124,-101.196,-263.611
0.193,-0.952,0.634,-45.776,-162.476,-207.153
-0.444,-1.682,2.054,-37.354,-163.452,-171.020
-0.579,-2.074,2.311,-32.898,-134.827,-136.841
-0.586,-2.295,2.150,-23.499,-40.405,-56.396
-0.489,-2.244,1.777,-9.521,-4.211,-16.174
-0.151,-1.553,1.248,4.761,17.517,16.479
0.026,-1.122,1.136,13.916,30.212,37.231
0.185,-0.787,0.997,24.109,46.936,42.053
0.383,-0.496,0.636,26.245,49.316,34.790
0.422,-0.442,0.574,25.940,45.532,27.161
0.435,-0.381,0.599,22.888,31.006,14.160
0.426,-0.342,0.640,18.555,24.353,5.554
0.366,-0.362,0.737,13.550,18.921,-3.357
0.332,-0.394,0.802,9.460,14.709,-10.864
0.301,-0.441,0.865,4.211,10.742,-20.935
0.256,-0.583,0.962,3.479,10.681,-23.560
0.236,-0.623,1.046,3.845,11.963,-24.170
0.217,-0.615,1.131,3.052,23.621,-23.865
0.204,-0.585,1.192,4.395,32.959,-25.330
0.199,-0.467,1.247,9.094,42.175,-27.771
0.201,-0.408,1.264,15.991,49.927,-31.677
0.201,-0.391,1.283,33.386,62.622,-41.687
0.192,-0.411,1.324,40.649,70.068,-45.593
0.190,-0.435,1.258,41.565,81.421,-48.767
0.191,-0.453,1.081,29.968,105.103,-51.880
0.199,-0.456,0.883,28.931,107.910,-52.673
0.230,-0.412,0.764,33.752,105.774,-54.932
0.239,-0.458,0.743,39.795,104.065,-60.181
0.225,-0.599,0.647,42.603,105.774,-72.083
0.173,-0.896,0.362,41.321,105.652,-73.059
0.162,-0.998,0.284,38.696,103.088,-70.679
0.160,-1.056,0.272,27.283,95.825,-58.960
0.161,-1.081,0.245,19.226,94.360,-52.185
0.181,-1.099,0.037,13.306,92.041,-45.776
0.201,-1.069,-0.055,11.719,86.670,-40.466
0.227,-1.046,-0.096,15.015,68.481,-36.255
0.270,-1.056,-0.060,16.418,58.167,-35.522
0.283,-1.085,0.001,16.602,48.096,-34.363
0.290,-1.118,0.091,11.719,34.363,-26.611
0.297,-1.130,0.165,5.493,33.630,-20.203
0.324,-1.084,0.135,-1.160,34.485,-13.489
0.338,-1.016,0.105,-6.104,33.325,-7.629
0.350,-0.943,0.120,-6.714,23.987,-2.319
0.370,-0.815,0.226,-3.662,20.020,-2.686
0.378,-0.790,0.254,-2.686,18.066,-4.517
0.382,-0.759,0.279,-3.967,16.602,-7.690
0.398,-0.590,0.314,-2.075,16.785,-9.583
0.406,-0.472,0.350,1.343,16.663,-13.611
0.409,-0.366,0.369,4.639,17.151,-21.057
0.402,-0.237,0.354,7.385,19.958,-46.082
0.366,0.113,0.238,8.850,19.897,-66.040
0.343,0.249,0.185,11.536,16.663,-92.529
0.302,0.270,0.212,16.907,0.122,-156.067
0.171,-0.141,0.423,19.287,-5.310,-182.373
0.125,-0.433,0.412,22.034,-3.601,-197.388
0.113,-0.732,0.265,22.949,2.991,-199.463
0.108,-0.934,0.075,18.921,4.883,-169.556
0.080,-0.872,-0.036,21.423,-4.150,-149.353
0.064,-0.762,0.080,27.222,-15.930,-135.742
0.043,-0.697,0.252,33.081,-34.912,-133.606
-0.048,-0.992,0.483,27.893,-39.063,-139.282
-0.115,-1.274,0.539,21.606,-41.260,-140.503
-0.186,-1.496,0.620,18.188,-42.053,-132.996
-0.248,-1.641,0.695,14.465,-33.081,-95.642
-0.335,-1.677,0.729,12.085,-24.353,-71.045
-0.358,-1.572,0.672,8.423,-12.878,-51.270
-0.360,-1.464,0.573,7.385,7.263,-32.837
-0.314,-1.345,0.371,12.268,10.742,-29.785
-0.286,-1.377,0.295,16.785,9.644,-28.503
-0.268,-1.407,0.252,21.179,0.671,-18.738
-0.260,-1.375,0.237,20.020,-2.747,-10.742
-0.255,-1.256,0.138,14.038,-3.662,-4.883
-0.259,-1.281,-0.021,3.784,-3.845,-1.160
-0.265,-1.311,-0.204,-15.869,-15.259,10.376
-0.281,-1.321,-0.450,-22.034,-28.259,18.616
-0.295,-1.313,-0.500,-26.611,-43.701,27.710
-0.314,-1.289,-0.541,-39.429,-74.036,47.913
-0.339,-1.256,-0.600,-47.363,-89.722,58.167
-0.375,-1.145,-0.699,-54.199,-108.093,67.627
-0.390,-1.092,-0.660,-59.570,-130.493,75.684
-0.419,-1.023,-0.515,-61.096,-181.274,87.769
-0.494,-0.805,0.039,-55.298,-199.707,90.576
-0.481,-0.678,0.302,-46.509,-205.200,89.600
-0.427,-0.624,0.486,-50.842,-186.157,76.477
-0.368,-0.662,0.632,-74.524,-169.678,71.167
-0.288,-0.713,0.684,-97.107,-153.992,70.068
-0.262,-0.583,0.734,-101.562,-145.935,70.740
-0.229,-0.382,0.883,-67.566,-143.860,54.443
-0.139,-0.265,1.167,-49.927,-139.465,34.485
-0.109,-0.385,1.189,-38.635,-131.836,13.916
-0.103,-0.522,1.233,-32.104,-114.746,-10.437
-0.117,-0.623,1.290,-36.865,-100.769,-13.855
-0.172,-0.766,1.190,-43.762,-84.961,-13.428
-0.201,-0.719,1.138,-47.058,-72.510,-10.559
-0.222,-0.622,1.143,-39.490,-57.556,-13.428
-0.245,-0.701,1.143,-32.104,-51.575,-20.935
-0.268,-0.848,1.138,-25.085,-46.326,-26.367
-0.300,-0.923,1.146,-17.334,-32.654,-23.010
-0.329,-0.964,1.115,-16.602,-23.315,-19.409
-0.390,-1.169,0.962,-15.137,-17.151,-14.343
-0.412,-1.237,1.006,-10.498,-15.320,-6.042
-0.421,-1.301,1.123,-2.380,-7.324,14.893
-0.425,-1.472,1.271,-3.906,4.333,26.917
-0.432,-1.546,1.210,-6.653,19.226,40.100
-0.444,-1.648,1.062,-5.615,42.908,69.092
-0.459,-1.751,0.918,0.122,46.509,88.257
-0.474,-1.578,0.921,8.118,48.584,109.314
-0.446,-1.347,0.973,14.099,54.871,126.526
-0.399,-1.182,0.917,7.568,79.468,140.686
-0.301,-0.974,0.557,-0.793,88.196,144.043
-0.234,-0.832,0.400,-5.981,91.125,146.729
-0.154,-0.710,0.316,-10.193,79.834,141.785
-0.083,-0.628,0.327,-11.597,71.289,135.437
0.023,-0.511,0.370,-14.587,66.162,128.845
0.064,-0.421,0.327,-18.494,63.538,121.948
0.115,-0.339,0.270,-19.043,56.702,101.318
0.218,-0.335,0.212,-16.357,49.561,88.623
0.248,-0.358,0.313,-12.634,40.405,77.332
0.264,-0.342,0.451,-14.954,34.973,60.425
0.267,-0.329,0.496,-23.926,40.527,52.551
0.261,-0.421,0.220,-30.518,43.579,45.898
0.269,-0.439,0.151,-30.579,38.391,41.260
0.278,-0.420,0.235,-20.264,16.602,31.738
0.285,-0.455,0.428,-17.456,11.658,24.719
0.278,-0.515,0.436,-17.273,10.193,18.127
0.264,-0.568,0.468,-15.930,6.348,11.414
0.250,-0.598,0.570,-14.832,7.507,10.437
0.243,-0.666,0.666,-16.052,13.367,9.888
0.239,-0.701,0.584,-19.348,20.325,10.376
0.234,-0.697,0.480,-19.897,22.827,13.794
0.232,-0.615,0.429,-14.709,17.700,13.184
0.229,-0.601,0.444,-8.484,11.780,10.010
0.230,-0.612,0.456,2.808,2.441,1.160
0.235,-0.677,0.508,4.333,-0.122,-1.099
0.236,-0.832,0.641,0.610,1.343,0.977
0.243,-0.821,0.642,-6.531,6.165,6.409
0.252,-0.776,0.623,-19.653,15.076,16.052
0.272,-0.639,0.544,-22.766,16.846,17.334
0.290,-0.586,0.506,-23.315,16.785,15.381
0.307,-0.609,0.480,-20.386,11.719,5.859
0.321,-0.671,0.500,-19.226,8.789,4.150
-0.528,2.240,1.179,25.208,40.771,-17.151
-0.541,2.297,1.091,47.302,58.289,-39.673
-0.452,2.027,0.937,100.037,82.092,-88.501
-0.105,0.829,0.662,122.986,86.609,-99.915
0.119,0.244,0.369,139.404,92.590,-100.525
0.408,-0.316,-0.132,119.263,84.534,-108.643
0.774,-1.069,-0.715,68.176,44.556,-120.361
1.415,-3.285,-1.102,-11.414,-23.865,-107.788
1.264,-3.632,-0.386,-93.201,-100.830,-43.335
0.851,-3.089,0.251,-151.062,-133.240,174.499
-0.129,-0.393,0.011,-133.850,-110.657,261.536
-0.678,1.303,-0.090,-98.755,-102.661,304.565
-1.152,2.598,0.245,-43.945,-127.686,236.633
-1.408,3.071,0.953,-40.283,-124.084,160.889
-1.342,2.525,1.911,-32.410,-91.125,96.252
-1.204,2.230,1.943,-13.428,-41.077,52.734
-1.059,2.087,1.761,31.250,56.213,3.174
-0.647,1.892,0.935,45.532,85.999,-20.691
-0.391,1.534,0.595,50.964,94.849,-47.302
-0.162,1.021,0.463,47.363,68.970,-71.960
0.016,0.551,0.468,50.110,56.763,-59.509
0.210,0.349,0.355,48.462,48.767,-39.734
0.239,0.472,0.259,32.776,38.147,-25.391
0.237,0.527,0.246,-25.635,2.136,-25.024
0.152,0.450,0.437,-47.424,-13.733,-25.269
0.075,0.515,0.476,-54.260,-22.644,-18.616
-0.018,0.686,0.463,-48.035,-32.227,-2.075
-0.115,0.860,0.471,-48.950,-37.659,-1.404
-0.271,1.063,0.555,-50.171,-40.283,-4.517
-0.326,1.152,0.566,-45.776,-38.757,-9.094
-0.363,1.248,0.531,-30.823,-30.884,-23.560
-0.370,1.369,0.377,-27.100,-29.968,-34.851
-0.361,1.376,0.344,-21.179,-31.372,-46.326
-0.355,1.398,0.320,12.878,-30.579,-62.317
-0.342,1.426,0.269,36.804,-28.748,-69.763
-0.229,1.338,0.122,55.908,-29.785,-79.895
-0.140,1.122,0.151,64.636,-36.011,-92.346
-0.065,0.862,0.277,60.913,-50.537,-106.201
0.012,0.603,0.381,59.021,-51.025,-104.614
0.024,0.540,0.354,59.448,-51.636,-101.685
0.019,0.447,0.387,64.575,-63.538,-92.773
0.000,0.331,0.509,64.697,-69.763,-84.229
-0.072,0.202,0.863,61.401,-71.655,-73.914
-0.109,0.213,0.972,54.871,-68.909,-64.758
-0.139,0.227,1.036,38.452,-58.350,-53.650
-0.174,0.209,1.129,34.363,-52.246,-48.340
-0.185,0.254,1.146,33.997,-44.983,-41.809
-0.184,0.322,1.132,33.447,-31.250,-35.095
-0.173,0.371,1.124,26.611,-27.039,-36.194
-0.134,0.359,1.132,16.602,-23.010,-38.086
-0.099,0.308,1.133,7.874,-18.127,-38.635
-0.060,0.273,1.111,2.502,-4.639,-31.189
0.013,0.289,0.982,4.639,1.343,-25.330
0.036,0.321,0.957,6.409,4.700,-19.836
0.046,0.370,0.931,7.324,9.399,-10.437
0.046,0.424,0.904,5.798,10.620,-8.057
0.033,0.483,0.917,1.831,11.963,-7.202
0.038,0.511,0.872,-3.540,14.893,-7.263
0.060,0.532,0.786,-10.681,18.372,-10.010
0.127,0.500,0.627,-10.193,15.686,-10.559
0.142,0.475,0.630,-8.545,10.376,-7.996
0.135,0.475,0.667,-4.395,3.662,4.395
0.118,0.513,0.672,-4.700,3.418,9.094
0.096,0.587,0.574,-7.812,1.953,9.705
0.097,0.584,0.539,-13.794,-1.770,6.897
0.105,0.560,0.508,-24.719,-10.986,-0.610
0.142,0.453,0.396,-25.146,-15.320,-2.136
0.163,0.394,0.325,-21.912,-19.958,-0.549
0.185,0.337,0.230,-3.662,-30.212,9.827
0.213,0.260,0.124,9.155,-38.147,16.602
0.276,0.048,0.080,18.188,-49.194,25.024
0.269,0.032,0.139,18.982,-61.646,35.217
0.240,0.069,0.209,0.305,-84.595,49.805
0.133,0.162,0.372,-12.512,-92.285,54.321
0.055,0.288,0.400,-21.484,-95.398,60.425
-0.038,0.484,0.402,-20.874,-97.290,73.730
-0.148,0.717,0.443,-17.578,-100.708,76.294
-0.371,1.083,0.667,-14.404,-104.492,74.280
-0.447,1.121,0.811,-8.728,-106.140,68.054
-0.501,1.046,0.959,8.606,-99.609,54.260
-0.613,0.961,1.198,16.296,-90.454,52.551
-0.674,1.044,1.200,21.912,-78.674,51.453
-0.717,1.093,1.183,23.926,-61.035,36.377
-0.736,1.071,1.177,22.034,-54.504,26.123
-0.713,0.888,1.161,19.958,-48.035,17.822
-0.698,0.800,1.164,18.860,-41.382,12.695
-0.676,0.732,1.172,21.729,-25.818,8.972
-0.610,0.664,1.123,24.048,-17.334,8.423
-0.578,0.639,1.067,23.010,-10.620,7.507
-0.551,0.590,1.051,11.108,-4.944,4.150
-0.534,0.530,1.074,6.226,-1.160,3.662
-0.497,0.463,1.036,2.441,4.395,4.700
-0.472,0.466,0.960,-0.488,9.644,6.653
-0.451,0.470,0.918,-4.944,11.902,8.850
-0.416,0.380,0.962,-8.179,11.841,8.667
-0.395,0.264,1.000,-12.085,13.245,9.338
-0.382,0.148,1.037,-20.325,21.301,20.264
-0.384,0.078,1.042,-23.926,26.428,28.503
-0.413,-0.035,1.033,-28.137,29.785,34.912
-0.425,-0.136,1.071,-34.668,31.311,39.917
-0.436,-0.252,1.120,-54.871,37.292,55.420
-0.512,-0.277,1.194,-64.819,44.434,69.458
-0.568,-0.164,1.151,-70.740,54.443,84.656
-0.617,-0.040,1.089,-71.716,73.486,105.835
-0.655,0.076,1.025,-69.580,81.482,111.877
-0.693,0.274,0.860,-69.885,87.646,115.295
-0.688,0.343,0.791,-74.524,91.797,115.540
-0.664,0.373,0.705,-89.294,98.145,109.619
-0.614,0.445,0.533,-94.421,100.403,109.619
-0.599,0.551,0.453,-94.482,102.539,113.220
-0.579,0.674,0.347,-78.308,105.347,121.582
-0.560,0.820,0.253,-68.420,102.722,122.070
-0.550,1.228,0.143,-61.707,97.168,116.150
-0.524,1.302,0.147,-60.608,88.867,102.295
-0.490,1.277,0.174,-64.758,74.768,72.327
-0.410,1.231,0.101,-61.707,71.411,65.430
-0.376,1.251,0.010,-55.847,66.345,62.195
-0.355,1.256,-0.068,-45.349,42.725,54.077
-0.349,1.218,-0.093,-38.025,26.550,48.523
-0.363,1.069,0.014,-28.748,11.414,44.006
-0.375,0.975,0.110,-18.250,-0.732,41.504
-0.395,0.906,0.222,-0.916,-13.184,43.274
-0.453,0.998,0.267,3.052,-14.221,44.128
-0.488,1.070,0.263,2.136,-16.968,40.100
-0.528,1.076,0.342,-12.146,-29.114,18.677
-0.569,1.012,0.497,-19.165,-30.762,9.277
-0.653,0.904,0.821,-22.583,-26.001,5.432
-0.731,0.971,0.929,-23.804,-16.541,6.348
-0.845,1.110,1.053,-24.475,5.737,7.568
-1.097,1.442,1.344,-22.827,19.592,1.343
-1.182,1.572,1.408,-21.423,36.438,-11.414
-1.213,1.596,1.406,-22.644,70.190,-56.763
-1.187,1.474,1.407,-20.325,86.548,-80.688
-1.003,1.091,1.295,-13.306,105.530,-98.328
-0.863,0.917,1.124,-6.226,124.329,-109.497
-0.711,0.775,0.920,-20.020,145.203,-119.385
-0.405,0.570,0.526,-33.936,145.081,-122.009
-0.280,0.498,0.404,-42.664,138.855,-123.657
-0.177,0.440,0.330,-50.293,117.920,-119.812
-0.097,0.417,0.286,-49.744,106.995,-114.014
0.043,0.429,0.198,-48.157,96.741,-108.521
0.148,0.385,0.093,-47.424,86.182,-104.492
0.252,0.299,0.024,-48.523,55.359,-92.773
0.372,0.124,0.146,-43.030,40.161,-81.116
0.378,0.112,0.218,-31.433,31.494,-65.247
0.370,0.176,0.189,-11.597,26.794,-30.212
0.332,0.350,0.147,-7.812,22.766,-20.325
0.228,0.596,0.091,0.000,20.447,-19.592
0.220,0.551,0.050,7.568,18.921,-24.658
0.203,0.480,0.053,2.441,0.183,-24.658
2.309,-4.000,0.023,-242.065,-37.476,40.833
1.618,-3.351,-0.573,-76.294,92.529,352.661
0.663,-1.863,-0.770,-47.974,109.314,421.020
-0.821,1.047,-0.227,-7.080,128.723,421.814
-1.482,2.352,-0.598,20.508,159.607,372.070
-1.921,2.869,-1.469,-11.108,167.114,161.072
-1.785,1.787,-2.545,-48.889,103.882,77.942
-1.474,1.623,-1.986,-102.417,16.235,45.471
-1.144,1.667,-1.284,-184.387,-59.326,13.794
-0.810,1.553,-0.862,-162.292,-39.063,-18.433
-0.273,0.769,-0.942,-113.037,-10.498,-46.936
-0.132,0.478,-1.111,-66.528,6.531,-59.814
-0.056,0.304,-1.187,-58.899,-6.531,-48.035
0.084,0.262,-0.920,-72.083,-22.156,-37.048
0.159,0.168,-0.757,-64.087,-31.616,-31.860
0.211,0.044,-0.678,-13.000,-20.508,-24.597
0.212,-0.049,-0.719,-1.709,-6.775,-15.503
0.104,-0.023,-0.932,-4.761,4.211,-2.869
0.035,0.094,-1.007,-12.390,10.803,9.277
-0.024,0.213,-1.057,-14.648,13.000,17.761
-0.076,0.277,-1.099,-15.625,8.728,14.771
-0.079,0.266,-1.076,-23.743,2.197,11.414
-0.072,0.270,-1.031,-40.100,-4.272,8.423
-0.061,0.280,-0.984,-34.790,-2.502,6.470
-0.059,0.272,-0.990,-20.569,0.183,3.601
-0.061,0.239,-1.010,-2.808,1.831,0.793
-0.056,0.202,-1.008,14.893,2.075,0.488
-0.047,0.184,-1.008,4.150,0.977,2.930
-0.045,0.165,-1.017,-10.315,-2.258,5.188
-0.043,0.157,-0.994,-17.151,-10.071,10.071
-0.051,0.148,-0.973,-8.667,-10.254,11.658
-0.094,0.080,-0.995,2.686,-8.179,12.634
-0.132,0.016,-1.077,11.414,-5.188,13.672
-0.180,-0.053,-1.197,22.827,-6.287,19.348
-0.271,-0.171,-1.420,25.757,-12.512,24.780
-0.310,-0.204,-1.513,26.978,-21.179,31.433
-0.331,-0.220,-1.551,31.799,-45.898,44.128
-0.322,-0.245,-1.522,33.203,-58.533,50.293
-0.269,-0.252,-1.359,33.691,-69.458,57.190
-0.227,-0.194,-1.238,38.391,-77.515,62.988
-0.164,-0.144,-1.109,67.200,-80.994,65.125
-0.039,-0.053,-0.907,88.562,-76.721,64.453
-0.024,0.012,-0.882,108.826,-71.106,64.941
-0.036,0.111,-0.874,117.737,-68.909,73.853
-0.054,0.252,-0.847,109.253,-73.792,79.712
-0.030,0.620,-0.612,98.267,-79.346,82.336
0.018,0.718,-0.500,83.740,-81.116,79.956
0.066,0.749,-0.440,54.016,-73.914,69.885
0.114,0.800,-0.368,49.377,-66.650,65.613
0.100,0.853,-0.373,52.551,-57.068,61.096
0.073,0.926,-0.403,68.909,-39.307,48.828
0.058,0.976,-0.444,70.129,-35.034,41.077
0.091,0.958,-0.503,60.425,-33.997,34.546
0.120,0.923,-0.505,44.495,-35.400,30.029
0.144,0.885,-0.483,20.691,-36.255,24.048
0.170,0.814,-0.421,14.099,-31.921,21.362
0.172,0.794,-0.420,9.705,-24.414,18.799
0.170,0.787,-0.437,9.766,-6.897,12.939
0.161,0.785,-0.479,10.376,0.000,9.338
0.129,0.720,-0.635,7.324,3.845,6.165
0.114,0.672,-0.708,2.014,4.089,4.333
0.108,0.622,-0.745,-8.301,-1.892,3.113
0.128,0.527,-0.717,-14.893,-4.517,3.784
0.143,0.522,-0.657,-19.592,-5.371,5.005
0.156,0.501,-0.607,-15.381,1.648,3.418
0.166,0.444,-0.587,-8.179,7.385,2.258
0.168,0.296,-0.611,-0.671,12.024,2.686
0.171,0.196,-0.598,2.686,14.099,5.310
0.193,0.093,-0.504,-8.301,12.390,20.325
0.267,-0.073,-0.151,-13.916,15.442,32.043
0.285,-0.097,-0.030,-13.000,24.658,45.532
0.264,-0.085,-0.047,-8.423,57.068,72.876
0.209,-0.092,-0.184,-11.963,71.533,85.327
0.114,-0.074,-0.433,-13.367,81.116,98.267
0.075,0.019,-0.479,-4.150,88.135,110.657
0.015,0.152,-0.526,33.264,104.126,126.343
-0.224,0.546,-0.857,44.495,112.183,126.465
-0.339,0.687,-1.049,48.767,115.173,119.324
-0.424,0.738,-1.188,52.490,102.966,95.825
-0.491,0.741,-1.256,50.964,91.125,88.318
-0.629,0.818,-1.241,46.143,78.918,85.083
-0.714,0.960,-1.238,40.894,67.993,82.825
-0.787,1.119,-1.248,35.950,48.462,64.758
-0.828,1.300,-1.251,36.194,37.964,47.913
-0.800,1.284,-1.218,35.461,26.001,29.114
-0.747,1.177,-1.174,25.635,0.366,-0.977
-0.674,1.041,-1.098,17.578,-11.169,-6.287
-0.510,0.943,-0.834,9.155,-18.494,-6.836
-0.437,0.970,-0.709,3.479,-20.508,-6.897
-0.378,1.015,-0.599,4.761,-11.230,-14.526
-0.327,1.117,-0.514,7.690,-2.258,-22.278
-0.313,1.115,-0.499,9.521,5.859,-31.494
-0.287,1.056,-0.456,-4.639,13.977,-43.518
-0.247,1.000,-0.348,-21.729,15.869,-42.358
-0.196,1.073,0.015,-39.063,21.851,-40.039
-0.219,1.142,0.133,-51.147,35.095,-41.321
-0.275,1.176,0.164,-55.420,76.721,-58.228
-0.451,1.096,-0.030,-53.406,97.351,-69.824
-0.519,0.983,-0.194,-52.673,112.244,-80.322
-0.552,0.859,-0.341,-68.970,114.136,-88.379
-0.554,0.782,-0.414,-89.661,104.919,-86.792
-0.549,0.687,-0.527,-112.366,97.412,-87.219
-0.548,0.552,-0.647,-125.122,94.299,-92.224
-0.525,0.361,-0.761,-115.540,93.445,-102.356
-0.454,0.049,-0.887,-105.347,93.079,-101.196
-0.434,-0.049,-0.947,-96.802,93.750,-96.863
-0.432,-0.096,-1.037,-74.280,95.459,-83.130
-0.447,-0.108,-1.151,-59.387,92.529,-75.867
-0.462,-0.176,-1.328,-46.509,84.839,-67.383
-0.444,-0.205,-1.307,-38.879,73.608,-56.458
-0.418,-0.231,-1.236,-44.373,56.030,-30.457
-0.395,-0.229,-1.087,-44.861,53.711,-17.761
-0.419,-0.174,-1.068,-35.278,54.993,-6.531
-0.460,-0.068,-1.065,-1.648,57.800,8.972
-0.511,0.064,-1.078,5.615,57.739,11.780
-0.600,0.196,-1.213,4.883,55.664,12.146
-0.632,0.178,-1.301,1.953,49.866,13.245
-0.668,0.216,-1.349,-4.517,26.123,25.146
-0.778,0.644,-1.293,-5.920,13.000,28.381
-0.830,0.865,-1.272,-4.761,3.479,21.667
-0.864,0.988,-1.301,-0.488,-8.362,-15.991
-0.885,0.985,-1.375,-1.709,-16.968,-35.522
-0.912,0.821,-1.521,-5.676,-30.884,-48.218
-0.927,0.836,-1.520,-12.207,-49.622,-53.833
-0.925,0.893,-1.448,-22.339,-90.149,-64.636
-0.819,0.859,-1.218,-15.686,-105.408,-76.538
-0.717,0.754,-1.090,-1.099,-116.577,-90.210
-0.600,0.634,-0.960,32.104,-129.272,-110.168
-0.486,0.546,-0.832,35.339,-130.859,-113.281
-0.353,0.465,-0.752,21.912,-130.005,-112.183
-0.349,0.466,-0.842,-3.113,-130.737,-108.398
-0.340,0.405,-0.920,-52.551,-148.926,-102.539
-0.175,0.073,-0.809,-73.608,-164.368,-94.910
-0.039,0.030,-0.552,-92.834,-178.223,-80.444
0.086,0.112,-0.286,-96.802,-164.429,-56.885
0.171,0.210,-0.156,-70.129,-134.888,-58.777
0.273,0.034,-0.350,-37.781,-104.187,-63.599
0.314,-0.081,-0.425,-16.907,-82.947,-61.035
0.348,-0.094,-0.377,-22.400,-63.232,-28.564
0.330,0.109,-0.351,-28.320,-52.490,-13.916
0.301,0.193,-0.383,-22.888,-40.894,-7.935
0.274,0.263,-0.414,-1.770,-19.287,-9.644
0.247,0.287,-0.475,1.709,-10.071,-12.756
0.213,0.211,-0.606,3.296,-2.747,-14.648
0.191,0.207,-0.660,6.470,2.747,-13.733
0.176,0.210,-0.687,16.296,8.118,-6.653
0.087,0.205,-0.901,14.038,9.094,2.014
0.045,0.315,-0.921,1.038,3.845,13.062
0.053,0.435,-0.776,-14.282,-7.629,16.418
0.096,0.431,-0.637,-6.042,-1.160,9.094
1.215,-0.637,-4.000,-65.002,-92.041,-6.897
0.636,-0.055,-3.070,105.103,-272.888,157.593
-0.044,0.324,-1.152,185.059,-282.227,192.566
-1.161,1.480,2.397,250.793,-216.187,210.754
-1.500,2.527,2.359,266.602,-115.112,193.848
-1.512,2.812,1.830,91.064,-53.101,6.531
-0.726,1.095,2.057,-9.705,-71.533,-80.811
-0.270,0.385,1.995,-47.363,-54.871,-110.535
0.055,0.233,1.389,22.034,43.884,-54.016
0.236,0.420,0.677,46.021,61.523,-25.757
0.348,0.734,0.078,35.400,55.359,-12.268
0.351,0.752,-0.009,6.531,43.640,-6.897
0.336,0.754,-0.113,-28.870,30.579,5.249
0.235,0.882,-0.277,-33.569,23.560,13.062
0.168,0.960,-0.259,-36.194,14.404,18.982
0.104,1.026,-0.205,-36.560,1.587,25.940
0.046,1.107,-0.162,-30.701,-0.061,26.794
-0.035,1.276,-0.047,-22.888,0.305,23.499
-0.040,1.268,-0.021,-17.883,2.747,16.052
-0.026,1.208,-0.028,-17.700,8.118,1.221
0.004,1.088,-0.135,-23.071,7.874,-2.197
0.020,1.031,-0.150,-30.457,3.906,-3.967
0.033,0.962,-0.124,-32.227,-4.517,-3.479
0.030,0.929,-0.095,-28.320,-4.578,0.366
-0.018,0.992,-0.186,-24.475,-2.625,4.456
-0.045,1.037,-0.307,-19.531,-1.831,6.409
-0.070,1.059,-0.409,-9.094,-12.024,5.249
-0.128,1.101,-0.555,-8.850,-20.935,5.554
-0.177,1.173,-0.622,-10.376,-30.701,6.470
-0.238,1.277,-0.706,-6.531,-51.331,3.601
-0.301,1.378,-0.785,-0.610,-62.439,-2.441
-0.406,1.533,-0.879,9.338,-72.632,-12.329
-0.419,1.491,-0.881,24.597,-82.031,-26.184
-0.401,1.378,-0.823,50.171,-102.234,-51.636
-0.326,1.112,-0.615,59.265,-111.572,-58.289
-0.286,1.004,-0.464,68.909,-119.202,-61.218
-0.246,0.934,-0.306,83.008,-127.258,-62.683
-0.203,0.886,-0.139,85.571,-128.662,-64.270
-0.137,0.826,0.174,82.642,-128.845,-66.589
-0.114,0.809,0.284,76.843,-127.441,-69.336
-0.078,0.754,0.350,65.735,-123.413,-75.745
0.038,0.575,0.503,57.617,-123.657,-75.500
0.093,0.527,0.637,48.401,-123.596,-71.350
0.134,0.503,0.803,42.847,-107.239,-54.138
0.155,0.516,0.950,44.922,-88.013,-42.847
0.143,0.734,0.961,46.082,-65.796,-33.691
0.132,0.856,0.835,44.495,-46.448,-30.457
0.139,0.918,0.702,25.574,-32.043,-42.358
0.214,0.791,0.654,5.859,-35.034,-50.842
0.247,0.703,0.676,-15.686,-37.292,-54.993
0.264,0.645,0.666,-39.795,-29.175,-49.072
0.268,0.615,0.626,-39.978,-21.179,-42.297
0.265,0.606,0.492,-35.217,-13.245,-35.156
0.268,0.599,0.381,-31.860,-7.385,-29.419
0.285,0.554,0.227,-48.340,-11.597,-22.949
0.385,0.284,0.005,-65.552,-24.597,-18.188
0.447,0.119,0.054,-78.613,-40.527,-8.484
0.481,0.015,0.177,-68.848,-53.955,28.687
0.473,-0.019,0.220,-45.959,-46.753,50.720
0.381,0.004,-0.111,-18.250,-39.001,71.167
0.343,0.041,-0.319,10.925,-37.292,88.745
0.345,0.079,-0.391,50.232,-62.195,111.389
0.366,0.107,-0.218,48.889,-80.627,119.812
0.318,0.182,-0.099,38.025,-96.497,130.493
0.235,0.307,0.057,35.156,-107.971,154.602
0.130,0.474,0.157,38.025,-101.196,164.490
-0.141,0.835,0.075,35.217,-93.323,171.814
-0.299,1.033,0.118,31.860,-88.684,175.781
-0.456,1.248,0.258,42.542,-77.637,169.128
-0.678,1.588,0.406,45.288,-68.481,155.701
-0.739,1.664,0.402,39.246,-61.951,136.292
-0.775,1.691,0.459,16.174,-58.533,90.637
-0.784,1.676,0.594,8.789,-52.246,69.031
-0.755,1.616,0.748,6.653,-38.940,50.537
-0.725,1.554,0.659,9.277,-22.522,34.729
-0.687,1.469,0.548,13.367,-4.700,13.245
-0.609,1.318,0.557,11.108,-4.700,7.446
-0.572,1.275,0.682,9.033,-4.700,3.235
-0.531,1.240,0.777,10.559,10.681,-5.737
-0.477,1.173,0.782,11.902,21.606,-10.864
-0.347,0.960,0.652,10.132,28.503,-13.855
-0.289,0.860,0.635,3.784,30.334,-13.794
-0.234,0.760,0.688,-15.076,26.917,-7.385
-0.171,0.575,0.932,-24.109,28.564,-1.648
-0.176,0.521,1.044,-30.884,35.645,6.409
-0.205,0.500,1.067,-37.964,62.927,25.818
-0.239,0.474,1.030,-40.771,74.646,34.119
-0.310,0.381,1.103,-46.631,83.618,42.175
-0.375,0.381,1.177,-54.993,94.971,51.270
-0.454,0.429,1.159,-62.683,136.108,71.289
-0.632,0.721,0.694,-57.190,159.912,80.139
-0.691,0.879,0.372,-44.983,176.697,84.595
-0.711,0.978,0.172,-29.846,175.598,78.674
-0.694,1.013,0.095,-37.537,165.833,70.923
-0.609,0.945,0.028,-50.049,156.677,63.293
-0.586,0.960,-0.068,-61.768,149.536,57.922
-0.576,1.006,-0.199,-77.026,134.033,49.072
-0.542,1.045,-0.370,-80.017,123.657,43.701
-0.503,1.001,-0.442,-78.491,113.770,38.818
-0.457,0.941,-0.505,-61.646,93.140,36.377
-0.418,0.902,-0.538,-54.077,81.177,39.185
-0.398,0.876,-0.501,-49.133,69.214,43.640
-0.414,0.888,-0.471,-42.358,58.899,49.072
-0.428,0.900,-0.447,-14.526,43.091,60.181
-0.459,0.992,-0.473,-1.465,35.583,64.819
-0.482,1.067,-0.485,4.761,25.024,66.711
-0.512,1.148,-0.416,-5.493,-5.371,59.692
-0.553,1.232,-0.237,-14.893,-15.503,51.880
-0.665,1.450,0.119,-21.790,-15.808,42.053
-0.713,1.561,0.142,-24.658,-8.423,29.358
-0.756,1.656,0.128,-28.748,5.676,-6.165
-0.817,1.723,0.210,-36.499,9.094,-28.748
-0.816,1.684,0.253,-46.570,13.245,-52.368
-0.797,1.624,0.247,-58.167,26.062,-95.520
-0.771,1.568,0.227,-56.213,32.166,-114.197
-0.711,1.463,0.179,-50.415,38.391,-131.775
-0.693,1.422,0.205,-45.166,43.335,-148.987
-0.663,1.341,0.209,-49.622,50.476,-184.265
-0.479,0.960,-0.074,-60.669,47.058,-196.777
-0.367,0.795,-0.163,-71.289,34.851,-200.928
-0.272,0.706,-0.116,-67.932,7.324,-187.927
-0.197,0.677,0.021,-53.040,7.446,-176.758
-0.066,0.592,0.127,-36.072,17.822,-164.795
-0.007,0.555,0.014,-23.193,31.128,-151.733
0.044,0.529,-0.134,-10.315,38.147,-125.610
0.100,0.558,-0.183,-8.606,29.907,-113.953
0.126,0.548,-0.128,-7.812,20.203,-105.041
0.184,0.474,-0.085,-7.141,5.188,-90.027
0.230,0.435,-0.073,-8.728,-0.427,-79.163
0.287,0.448,-0.044,-7.263,-4.150,-69.092
0.281,0.502,0.028,-1.892,-5.798,-57.983
0.239,0.631,0.072,9.705,0.122,-37.476
0.214,0.739,-0.050,12.146,4.578,-34.790
0.251,0.674,-0.122,11.169,5.066,-33.386
0.267,0.644,-0.175,1.465,-6.104,-20.752
0.255,0.675,-0.197,0.061,-15.076,-13.611
0.233,0.696,-0.042,5.005,-22.766,-7.996
0.214,0.713,0.105,16.479,-25.146,-2.991
0.200,0.736,0.184,38.818,-8.850,2.808
0.181,0.806,0.026,32.898,-2.319,5.676
0.134,0.913,-0.055,12.878,-5.676,8.362
0.091,0.990,-0.019,-25.940,-26.245,3.967
0.075,0.998,0.106,-27.588,-28.442,0.854
0.112,0.910,0.193,-17.395,-23.010,0.000
0.132,0.890,0.184,-4.272,-15.930,1.709
0.126,0.929,0.185,6.226,-6.714,7.751
0.088,1.047,0.168,9.216,-2.563,8.057
0.073,1.108,0.109,12.207,1.160,6.042
0.072,1.130,0.077,1.038,-2.563,-5.066
0.093,1.083,0.104,-9.766,-6.042,-10.193
-0.547,1.321,2.256,-2.319,51.697,-18.921
-0.542,1.296,2.198,48.889,126.343,-39.917
-0.379,1.056,1.792,83.923,161.011,-45.959
0.157,0.308,0.539,109.375,182.678,-43.701
0.474,0.011,-0.144,129.883,191.040,-35.156
0.856,-0.275,-0.932,151.306,155.640,-27.588
1.394,-1.020,-1.881,112.915,90.759,-33.569
1.335,-1.251,-1.662,43.945,5.859,-36.438
1.119,-1.271,-1.277,-72.205,-128.784,-9.705
0.813,-1.010,-0.845,-91.248,-169.617,17.883
0.115,0.158,0.024,-83.130,-198.914,41.382
-0.226,0.672,0.617,-53.711,-221.313,52.246
-0.532,0.907,1.352,24.048,-223.389,43.091
-0.824,0.609,2.489,56.091,-191.101,40.039
-0.813,0.613,2.615,77.393,-143.616,44.739
-0.767,0.755,2.590,67.322,-46.997,36.682
-0.686,0.818,2.449,39.856,-5.859,15.015
-0.411,0.488,1.866,10.620,26.001,-7.996
-0.252,0.246,1.545,-8.972,46.265,-22.583
-0.103,0.075,1.255,-4.333,57.251,-15.930
0.106,0.010,0.878,7.751,52.002,-3.662
0.156,0.028,0.811,14.526,42.969,6.348
0.175,0.064,0.802,8.057,23.987,12.268
0.178,0.115,0.821,-1.648,17.029,8.728
0.179,0.133,0.835,-13.916,11.475,3.418
0.163,0.129,0.858,-25.024,6.042,-0.061
0.133,0.152,0.897,-32.715,-2.502,1.709
0.068,0.211,0.940,-32.593,-4.944,4.150
0.035,0.259,0.956,-32.837,-6.714,6.287
0.008,0.314,0.962,-33.752,-8.179,6.226
-0.008,0.354,0.959,-34.302,-8.362,3.906
-0.035,0.417,0.978,-34.729,-8.301,1.526
-0.042,0.467,0.990,-34.119,-7.446,-0.488
-0.040,0.510,0.987,-23.437,-3.479,-4.944
-0.041,0.553,0.979,-15.991,-1.953,-7.263
-0.064,0.603,1.005,-9.888,-0.610,-9.155
-0.089,0.683,1.021,-2.258,4.944,-15.198
-0.108,0.764,1.020,-1.343,7.629,-21.729
-0.135,0.880,0.996,1.038,9.705,-30.212
-0.150,0.896,0.986,4.700,10.864,-39.917
-0.175,0.904,1.004,14.648,11.597,-56.824
-0.249,0.973,1.069,24.353,13.916,-62.805
-0.286,1.006,1.088,36.255,18.188,-68.665
-0.311,1.033,1.094,56.946,31.433,-84.595
-0.300,1.019,1.061,64.514,39.063,-96.191
-0.160,0.823,0.889,69.763,44.983,-109.009
-0.063,0.653,0.809,71.777,47.363,-121.277
0.029,0.462,0.739,67.871,43.030,-138.428
0.160,0.075,0.623,64.880,36.621,-141.541
0.182,-0.097,0.635,64.331,27.954,-140.198
0.188,-0.287,0.702,69.885,12.756,-127.563
0.198,-0.477,0.781,72.327,10.132,-117.187
0.245,-0.707,0.849,70.251,9.888,-106.262
0.269,-0.760,0.854,60.852,10.010,-96.924
0.278,-0.782,0.867,28.870,7.935,-80.261
0.257,-0.691,0.928,16.418,6.714,-70.801
0.252,-0.646,0.943,8.545,6.409,-61.707
0.255,-0.602,0.957,-0.610,6.958,-44.434
0.263,-0.550,0.967,-2.319,8.057,-35.828
0.283,-0.393,0.967,-3.540,9.277,-27.893
0.285,-0.301,0.963,-6.226,10.071,-21.851
0.286,-0.232,0.956,-14.099,11.108,-15.930
0.295,-0.157,0.940,-17.456,11.536,-14.038
0.294,-0.113,0.942,-19.470,11.597,-11.292
0.284,-0.040,0.958,-20.203,12.390,-5.188
0.275,0.035,0.961,-19.226,13.977,-4.272
0.290,0.109,0.865,-17.944,15.503,-5.188
0.312,0.105,0.793,-15.869,15.869,-7.324
0.335,0.079,0.730,-12.695,11.230,-12.695
0.367,0.011,0.611,-12.939,7.019,-14.587
0.383,-0.014,0.529,-13.977,1.892,-16.052
0.396,-0.027,0.428,-16.724,-12.207,-18.982
0.402,-0.033,0.315,-18.494,-22.339,-20.813
0.375,-0.067,0.130,-21.423,-34.607,-22.339
0.340,-0.073,0.064,-22.766,-48.279,-22.217
0.294,-0.029,0.019,-12.817,-79.102,-16.968
0.218,0.122,-0.028,-0.854,-95.459,-16.052
0.196,0.172,-0.006,14.954,-112.976,-17.456
0.160,0.225,0.120,54.260,-150.452,-21.729
0.100,0.280,0.360,72.693,-162.903,-24.048
-0.011,0.152,0.979,82.397,-166.748,-27.100
-0.043,-0.024,1.229,82.642,-161.926,-27.649
-0.079,-0.120,1.380,77.698,-135.925,-12.512
-0.190,0.084,1.417,80.017,-122.253,-4.761
-0.257,0.170,1.424,81.238,-112.549,-4.639
-0.322,0.136,1.469,70.251,-101.196,-20.447
-0.372,-0.004,1.520,63.904,-94.666,-25.940
-0.440,-0.367,1.644,59.448,-85.693,-24.475
-0.461,-0.404,1.645,56.763,-73.486,-16.785
-0.462,-0.355,1.577,48.767,-46.936,-3.845
-0.410,-0.341,1.435,41.016,-37.231,-4.089
-0.374,-0.369,1.385,33.875,-29.663,-5.432
-0.344,-0.368,1.342,23.499,-18.799,-5.798
-0.316,-0.368,1.317,15.869,-14.771,-5.737
-0.275,-0.368,1.282,7.507,-10.681,-3.845
-0.258,-0.329,1.218,2.136,-6.531,-0.061
-0.238,-0.283,1.154,2.625,-3.479,6.409
-0.211,-0.254,1.123,2.197,-4.150,7.751
-0.199,-0.264,1.119,-0.183,-4.456,8.850
-0.180,-0.272,1.108,-5.859,-2.869,10.864
-0.157,-0.288,1.097,-9.338,-1.160,10.620
-0.096,-0.391,1.000,-13.306,0.549,9.705
-0.050,-0.506,0.907,-17.395,0.854,9.216
-0.007,-0.660,0.819,-26.245,-7.019,15.625
0.041,-1.006,0.693,-30.823,-13.794,25.024
0.036,-1.126,0.620,-34.973,-20.691,38.574
-0.001,-1.189,0.567,-53.162,-36.987,71.533
-0.079,-1.202,0.584,-66.162,-44.983,90.332
-0.300,-0.950,0.703,-73.120,-49.927,111.389
-0.388,-0.708,0.729,-72.083,-52.124,131.165
-0.446,-0.487,0.746,-65.063,-54.749,150.085
-0.535,-0.293,0.873,-68.909,-55.664,149.597
-0.599,-0.168,0.974,-76.050,-54.504,148.376
-0.654,0.019,1.029,-83.008,-42.114,142.212
-0.677,0.197,1.037,-81.970,-34.790,134.155
-0.631,0.388,1.013,-77.332,-28.809,124.878
-0.590,0.431,0.989,-69.397,-24.109,116.821
-0.552,0.483,0.966,-52.002,-19.714,105.469
-0.495,0.573,0.927,-45.349,-19.653,99.854
-0.482,0.600,0.919,-38.086,-20.691,93.933
-0.479,0.636,0.924,-20.020,-24.841,81.177
-0.482,0.679,0.949,-16.235,-27.100,72.266
-0.505,0.709,1.066,-17.212,-27.710,61.035
-0.497,0.664,1.089,-19.104,-25.024,48.279
-0.469,0.579,1.052,-18.738,-15.564,25.635
-0.401,0.408,0.918,-14.465,-13.794,19.531
-0.387,0.405,0.887,-6.226,-15.076,17.090
-0.390,0.443,0.895,8.789,-23.193,10.010
-0.407,0.464,0.942,9.705,-27.344,1.648
-0.470,0.350,1.147,6.287,-29.175,-8.301
-0.505,0.222,1.269,0.488,-27.466,-16.846
-0.538,0.081,1.399,-5.676,-13.367,-18.677
-0.610,0.000,1.608,-6.470,-0.793,-12.573
-0.642,0.010,1.662,-10.925,14.526,-7.690
-0.665,-0.005,1.696,-28.564,49.011,-5.737
-0.673,-0.047,1.706,-35.950,66.467,-5.005
-0.664,-0.157,1.725,-41.504,83.557,-2.258
-0.660,-0.162,1.744,-50.232,102.051,2.441
-0.657,-0.108,1.682,-80.933,145.325,8.728
-0.571,0.020,1.294,-85.510,160.522,6.775
-0.477,0.010,1.071,-79.712,167.786,2.014
-0.366,-0.060,0.899,-56.946,165.161,-2.625
-0.271,-0.152,0.821,-45.654,160.339,4.211
-0.130,-0.046,0.715,-33.447,156.128,15.137
-0.051,0.106,0.614,-24.597,151.367,22.583
0.038,0.216,0.502,-23.193,131.470,13.794
0.181,0.214,0.438,-26.489,116.882,4.089
0.210,0.199,0.494,-28.442,102.722,-2.686
0.229,0.232,0.528,-20.874,83.557,-5.615
0.254,0.291,0.497,-14.526,74.707,-6.592
0.959,2.946,1.484,85.449,118.958,39.917
1.417,3.525,1.001,129.150,154.358,-50.476
1.593,3.590,0.528,83.069,109.680,-277.283
0.480,1.269,-0.038,31.433,36.987,-372.620
-0.406,-1.094,0.132,2.502,-36.682,-416.443
-1.022,-2.557,0.799,56.824,-92.102,-259.460
-1.278,-2.626,1.398,63.293,-52.246,-161.987
-1.311,-2.647,1.062,25.085,0.061,-108.154
-1.139,-2.688,0.653,-8.240,34.058,-65.430
-0.793,-2.282,0.375,31.860,28.381,29.419
-0.114,-1.308,0.460,49.500,5.737,54.016
0.070,-1.060,0.615,45.593,-11.108,63.293
0.197,-0.831,0.732,13.550,-15.076,70.862
0.300,-0.555,0.799,-3.906,-10.925,69.580
0.426,-0.251,0.740,-16.174,-11.169,62.988
0.433,-0.196,0.797,-18.188,-19.165,55.237
0.411,-0.147,0.925,2.747,-38.879,40.771
0.327,-0.190,1.158,13.794,-41.504,32.593
0.295,-0.214,1.241,18.921,-38.635,25.513
0.274,-0.263,1.234,6.348,-22.583,14.771
0.261,-0.343,1.145,0.671,-18.005,14.404
0.276,-0.336,0.961,0.671,-18.433,16.418
0.280,-0.326,0.879,4.700,-23.315,16.968
0.264,-0.334,0.832,30.151,-40.344,15.320
0.186,-0.337,0.878,42.297,-46.082,13.245
0.130,-0.423,0.895,42.419,-45.837,8.484
0.082,-0.544,0.844,27.771,-36.194,5.005
0.057,-0.609,0.769,29.846,-36.316,10.132
0.050,-0.503,0.806,34.851,-39.490,14.648
0.045,-0.445,0.854,37.292,-41.138,14.771
0.038,-0.409,0.880,41.443,-38.574,5.554
0.020,-0.419,0.924,43.762,-37.109,-0.488
0.000,-0.458,0.970,43.579,-35.767,-5.371
-0.026,-0.502,1.033,31.311,-24.780,-8.728
-0.049,-0.523,1.083,20.630,-13.245,-7.690
-0.046,-0.345,1.162,12.085,0.122,-7.507
-0.024,-0.260,1.167,8.179,12.390,-11.169
-0.010,-0.227,1.182,12.817,24.048,-23.743
-0.010,-0.195,1.276,21.667,26.123,-28.137
-0.020,-0.171,1.338,33.325,28.870,-31.372
-0.040,-0.173,1.400,48.828,43.335,-38.635
-0.059,-0.186,1.430,54.443,54.810,-40.527
-0.063,-0.073,1.411,62.256,66.284,-41.016
-0.059,0.026,1.404,69.580,77.637,-43.579
-0.053,0.068,1.348,64.941,103.882,-64.087
-0.016,-0.068,1.038,60.974,114.197,-76.721
0.008,-0.169,0.880,63.782,118.469,-86.365
0.019,-0.294,0.751,78.796,113.037,-98.938
0.005,-0.467,0.648,83.313,107.361,-100.769
-0.069,-0.829,0.529,81.543,102.966,-98.511
-0.090,-0.915,0.491,74.036,101.990,-93.201
-0.085,-0.988,0.412,49.927,104.065,-82.153
-0.015,-1.064,0.271,41.077,101.074,-75.378
0.028,-1.059,0.219,37.292,94.482,-68.359
0.052,-1.078,0.205,38.086,73.730,-57.922
0.060,-1.117,0.223,39.246,64.453,-52.185
0.075,-1.157,0.251,38.086,57.800,-45.898
0.085,-1.160,0.291,34.851,52.734,-39.185
0.103,-1.138,0.339,21.851,49.316,-25.391
0.177,-1.012,0.334,9.644,50.293,-21.545
0.210,-0.981,0.294,-3.296,48.706,-20.630
0.221,-0.972,0.283,-11.108,33.081,-18.677
0.213,-0.968,0.301,-5.859,24.475,-16.541
0.193,-0.992,0.369,-0.549,18.433,-14.099
0.182,-1.007,0.410,0.183,15.198,-10.803
0.171,-1.019,0.413,-13.367,15.198,-2.075
0.160,-0.997,0.401,-20.020,13.855,4.150
0.159,-0.931,0.449,-22.217,10.559,11.047
0.158,-0.849,0.510,-20.386,5.676,20.142
0.159,-0.748,0.536,-18.250,6.165,20.142
0.163,-0.666,0.468,-16.174,6.226,16.724
0.158,-0.682,0.470,-15.869,4.517,13.062
0.161,-0.648,0.492,-15.930,3.174,11.047
0.205,-0.418,0.485,-16.418,5.188,8.728
0.243,-0.283,0.426,-16.174,8.240,2.258
0.279,-0.193,0.347,-11.719,9.705,-22.827
0.309,-0.120,0.274,-6.042,6.470,-38.330
0.335,-0.041,0.189,-0.977,0.793,-55.542
0.327,-0.068,0.204,0.549,-6.409,-72.876
0.301,-0.094,0.259,-3.845,-22.034,-99.792
0.230,-0.104,0.440,-3.906,-27.893,-110.657
0.177,-0.166,0.507,-1.892,-30.762,-122.375
0.103,-0.339,0.520,9.033,-34.363,-143.005
0.018,-0.560,0.491,19.714,-40.344,-144.165
-0.144,-0.848,0.504,30.762,-47.913,-140.137
-0.211,-0.990,0.562,36.682,-53.589,-134.094
-0.260,-1.113,0.638,33.447,-53.589,-114.258
-0.300,-1.203,0.843,29.602,-48.523,-101.746
-0.301,-1.191,0.879,25.146,-40.955,-89.539
-0.305,-1.214,0.886,17.944,-27.344,-71.411
-0.302,-1.216,0.894,20.569,-23.254,-62.378
-0.293,-1.206,0.891,23.743,-21.118,-54.443
-0.312,-1.224,0.919,24.719,-20.691,-47.363
-0.336,-1.251,0.939,20.447,-16.724,-33.691
-0.363,-1.280,0.875,17.578,-12.146,-25.513
-0.358,-1.253,0.823,16.907,-8.240,-16.357
-0.337,-1.178,0.783,21.912,-3.052,-1.892
-0.315,-1.118,0.747,21.545,-0.977,0.610
-0.273,-1.128,0.646,19.409,0.732,2.197
-0.242,-1.115,0.578,17.456,1.587,5.310
-0.210,-1.085,0.515,11.963,-1.343,12.573
-0.174,-1.023,0.490,6.653,-3.723,15.747
-0.155,-0.968,0.460,1.526,-3.540,18.066
-0.126,-0.933,0.345,-3.479,-0.122,14.771
-0.098,-0.940,0.194,-3.479,-5.005,12.024
-0.097,-1.046,0.016,-2.991,-14.832,11.353
-0.120,-1.084,-0.020,-3.601,-26.001,13.489
-0.153,-1.132,-0.080,-13.794,-43.762,21.851
-0.236,-1.228,-0.275,-22.705,-52.124,28.015
-0.279,-1.256,-0.356,-33.325,-61.829,35.278
-0.327,-1.290,-0.382,-58.289,-86.487,53.406
-0.374,-1.286,-0.320,-67.993,-98.877,64.880
-0.439,-1.116,-0.046,-73.608,-109.314,75.500
-0.459,-1.031,0.067,-75.317,-117.737,83.435
-0.475,-0.964,0.161,-68.848,-133.423,94.238
-0.496,-0.793,0.421,-65.369,-138.916,97.839
-0.490,-0.678,0.611,-64.941,-139.709,98.267
-0.472,-0.604,0.783,-70.923,-128.540,91.125
-0.448,-0.555,0.920,-71.899,-120.605,88.135
-0.372,-0.384,1.099,-69.519,-111.511,84.961
-0.324,-0.300,1.104,-64.636,-101.685,79.041
-0.280,-0.234,1.107,-46.631,-87.769,58.960
-0.220,-0.142,1.228,-33.813,-83.618,47.119
-0.201,-0.104,1.292,-21.423,-80.017,35.217
-0.189,-0.064,1.316,-6.470,-69.214,9.216
-0.192,-0.071,1.308,-6.714,-60.730,-6.653
-0.213,-0.175,1.288,-10.498,-50.598,-22.949
-0.240,-0.333,1.261,-11.353,-40.955,-36.072
-0.282,-0.557,1.277,0.061,-31.311,-41.992
-0.384,-0.833,1.531,7.141,-25.574,-33.264
-0.423,-0.930,1.588,10.620,-13.367,-23.193
-0.478,-1.130,1.545,-1.709,18.677,-2.625
-0.617,-1.465,1.362,-8.118,31.433,15.930
-0.662,-1.447,1.307,-9.521,41.626,38.574
-0.691,-1.413,1.244,-10.864,51.697,59.143
-0.707,-1.464,1.137,-29.663,72.815,93.445
-0.653,-1.365,0.940,-45.837,80.505,115.601
-0.585,-1.054,0.940,-62.378,89.111,135.437
-0.482,-0.813,0.902,-81.238,125.122,132.446
-0.273,-0.903,0.671,-88.745,138.306,123.718
-0.190,-0.864,0.628,-95.154,141.541,125.244
-0.109,-0.714,0.573,-109.802,134.033,137.451
-0.043,-0.553,0.511,-110.474,124.695,136.108
0.049,-0.221,0.516,-100.464,115.723,126.831
0.101,-0.180,0.486,-87.402,111.572,110.107
0.135,-0.287,0.448,-71.960,102.234,80.688
0.197,-0.434,0.475,-66.101,92.102,80.444
0.249,-0.352,0.482,-62.805,80.872,85.876
0.303,-0.187,0.487,-59.570,62.927,87.524
0.361,0.031,0.472,-45.959,57.678,73.303
1.574,-0.647,-3.896,11.780,61.401,-33.630
1.332,-0.976,-3.560,-38.208,-60.242,-57.617
0.791,-0.968,-2.422,-95.581,-284.241,-35.889
-0.413,0.363,0.577,-111.633,-334.778,-18.677
-0.920,0.601,1.928,-131.958,-339.416,-25.269
-1.256,0.327,3.015,-113.403,-250.671,-44.312
-1.321,-0.013,3.523,-64.941,-177.551,-29.907
-0.920,-0.253,3.115,-17.029,-110.901,-11.597
-0.709,-0.341,2.755,17.700,-61.218,2.136
-0.542,-0.365,2.448,52.002,1.648,21.912
-0.229,-0.257,1.750,49.316,24.841,25.208
-0.066,-0.292,1.336,35.767,42.053,22.949
0.083,-0.359,0.961,8.545,47.058,19.714
0.278,-0.341,0.594,1.099,35.156,22.217
0.310,-0.241,0.595,-4.028,19.775,23.987
0.300,-0.143,0.677,-7.324,5.310,22.095
0.254,-0.085,0.809,-16.174,-11.658,7.935
0.130,-0.145,0.990,-26.611,-12.756,-0.366
0.079,-0.223,1.027,-37.170,-11.475,-5.127
0.045,-0.234,1.051,-39.001,-7.996,0.610
0.024,-0.100,1.050,-33.081,-6.897,3.723
0.012,-0.094,1.046,-28.198,-6.470,3.174
-0.002,-0.146,1.051,-18.494,-5.737,0.122
-0.012,-0.190,1.063,-12.817,-4.150,1.648
0.002,-0.127,1.061,-10.193,-1.404,3.113
0.024,-0.102,1.013,-11.963,2.197,2.380
0.047,-0.109,0.950,-18.005,6.104,-1.587
0.075,-0.115,0.877,-18.433,4.822,-1.526
0.076,-0.061,0.884,-16.663,2.136,-0.122
0.063,0.041,0.923,-9.216,-4.822,0.244
0.033,0.151,1.001,-5.127,-6.958,-3.174
-0.060,0.380,1.237,-1.648,-6.592,-8.667
-0.110,0.485,1.354,2.258,-3.174,-15.869
-0.147,0.590,1.446,18.555,11.475,-32.959
-0.169,0.750,1.480,28.687,20.203,-43.640
-0.172,0.717,1.454,36.682,27.466,-55.298
-0.182,0.632,1.430,48.767,40.100,-70.984
-0.187,0.575,1.391,54.932,48.035,-74.402
-0.132,0.579,1.244,58.716,56.824,-79.651
-0.082,0.524,1.135,58.533,65.430,-89.355
-0.027,0.392,1.004,53.772,75.195,-116.211
0.059,-0.116,0.690,55.725,73.425,-125.793
0.062,-0.414,0.577,60.669,66.223,-128.296
0.039,-0.650,0.559,64.758,45.105,-113.586
0.003,-0.795,0.609,58.594,38.879,-103.088
-0.032,-0.936,0.707,47.668,37.537,-94.299
-0.021,-0.950,0.707,34.851,39.734,-86.975
0.002,-0.925,0.685,17.700,44.312,-74.341
0.066,-0.901,0.659,12.878,43.396,-68.604
0.110,-0.898,0.633,8.911,40.894,-62.195
0.157,-0.891,0.598,8.057,29.846,-47.119
0.192,-0.895,0.584,10.803,21.240,-38.269
0.190,-0.839,0.702,14.648,12.939,-28.625
0.172,-0.775,0.789,16.907,7.568,-20.142
0.156,-0.712,0.848,10.376,8.911,-11.597
0.159,-0.654,0.820,3.784,13.245,-10.986
0.179,-0.667,0.769,-2.991,16.602,-10.437
0.199,-0.649,0.743,-12.268,14.160,-1.892
0.214,-0.593,0.748,-12.268,10.376,4.089
0.217,-0.438,0.816,-10.193,7.141,8.850
0.210,-0.363,0.846,-7.690,5.493,11.414
0.203,-0.312,0.854,-8.667,7.385,8.728
0.195,-0.286,0.826,-12.329,8.911,6.042
0.199,-0.254,0.797,-15.686,9.827,4.517
0.212,-0.194,0.743,-15.259,8.911,2.258
0.231,-0.091,0.679,-12.512,6.042,-1.892
0.279,0.074,0.563,-10.864,1.892,-9.521
0.305,0.098,0.468,-9.583,-2.991,-18.433
0.334,0.119,0.339,-2.441,-17.639,-35.034
0.361,0.131,0.060,1.160,-30.151,-43.884
0.344,0.125,-0.030,3.723,-46.875,-53.406
0.315,0.079,-0.087,3.601,-84.167,-78.613
0.291,-0.057,-0.131,-3.479,-102.417,-92.163
0.153,-0.477,0.088,-15.381,-122.070,-100.281
0.017,-0.649,0.409,-26.978,-139.465,-98.877
-0.116,-0.627,0.746,-32.349,-149.353,-70.984
-0.295,-0.315,1.155,-29.907,-142.944,-60.913
-0.362,-0.354,1.302,-29.907,-134.644,-58.716
-0.419,-0.477,1.466,-24.353,-117.554,-49.988
-0.461,-0.519,1.652,-13.733,-106.445,-37.598
-0.486,-0.325,1.820,-2.136,-91.675,-28.198
-0.471,-0.330,1.758,4.150,-75.684,-26.123
-0.455,-0.422,1.654,7.446,-50.598,-26.123
-0.423,-0.518,1.468,11.292,-42.908,-21.179
-0.414,-0.470,1.428,14.832,-37.415,-15.686
-0.412,-0.469,1.405,12.146,-26.855,-12.329
-0.417,-0.536,1.377,9.583,-20.813,-9.460
-0.406,-0.524,1.265,8.911,-14.648,-4.211
-0.385,-0.460,1.200,8.240,-9.155,-0.244
-0.364,-0.454,1.148,2.869,-1.221,0.427
-0.301,-0.525,1.025,2.197,1.526,2.319
-0.259,-0.506,0.972,3.296,2.747,6.409
-0.227,-0.475,0.942,1.709,2.014,11.353
-0.209,-0.466,0.922,-2.991,2.258,10.742
-0.185,-0.556,0.810,-8.789,2.869,9.521
-0.166,-0.643,0.713,-13.428,2.441,9.521
-0.143,-0.743,0.608,-19.714,-5.737,16.724
-0.137,-0.926,0.426,-24.414,-13.489,23.193
-0.178,-1.047,0.349,-32.166,-22.461,30.334
-0.248,-1.180,0.286,-55.542,-41.077,49.805
-0.333,-1.268,0.265,-68.237,-49.866,63.538
-0.485,-1.234,0.367,-81.360,-56.946,78.491
-0.547,-1.145,0.465,-94.299,-62.317,94.360
-0.606,-0.989,0.597,-107.361,-69.702,129.639
-0.674,-0.453,0.905,-104.248,-70.862,144.653
-0.678,-0.181,1.064,-97.107,-69.336,152.832
-0.669,0.012,1.206,-86.670,-52.917,146.057
-0.644,0.112,1.272,-85.876,-38.635,136.353
-0.552,0.143,1.153,-85.632,-25.391,128.052
-0.495,0.219,1.076,-82.825,-17.090,123.657
-0.444,0.355,1.043,-66.345,-14.526,116.638
-0.354,0.516,1.061,-59.143,-14.587,107.849
-0.312,0.527,1.022,-56.213,-13.062,96.741
-0.280,0.507,0.962,-52.612,-13.611,75.684
-0.259,0.477,0.916,-47.119,-17.761,68.115
-0.246,0.523,0.928,-40.039,-23.437,61.279
-0.257,0.532,0.969,-33.813,-28.931,53.040
-0.273,0.517,1.019,-24.841,-35.400,34.973
-0.299,0.425,1.081,-20.935,-35.156,26.123
-0.312,0.350,1.079,-17.578,-33.325,18.127
-0.324,0.282,1.059,-10.254,-29.236,6.836
-0.336,0.227,1.028,-7.019,-28.809,2.258
-0.388,0.068,1.056,-4.578,-29.724,-1.648
-0.422,-0.027,1.114,-2.319,-30.273,-3.601
-0.450,-0.088,1.169,1.892,-27.100,-0.793
-0.518,-0.135,1.301,2.625,-24.353,0.732
-0.576,-0.186,1.418,1.343,-20.874,1.282
-0.648,-0.246,1.580,-3.784,-6.042,6.470
-0.714,-0.268,1.751,-6.714,9.216,11.292
-0.769,-0.224,1.911,-11.841,29.785,14.038
-0.765,-0.288,1.869,-18.921,53.040,13.977
-0.747,-0.373,1.787,-26.855,93.262,20.447
-0.677,-0.308,1.622,-24.597,107.727,28.687
-0.632,-0.219,1.551,-21.667,119.995,35.400
-0.585,-0.166,1.460,-22.583,142.029,39.368
-0.530,-0.156,1.355,-21.973,150.330,40.771
-0.385,-0.105,1.115,-19.165,155.579,43.640
-0.306,-0.044,1.014,-15.503,157.715,46.448
-0.224,0.036,0.895,-5.615,157.715,45.349
-0.018,0.171,0.603,-1.770,154.419,38.696
0.071,0.111,0.494,-1.282,147.278,28.748
0.135,-0.008,0.441,0.305,125.122,18.188
0.184,-0.083,0.431,3.967,113.831,21.484
0.252,-0.001,0.484,5.676,104.187,26.001
0.277,0.101,0.484,4.272,96.802,27.466
0.304,0.167,0.454,-5.066,82.581,15.930
0.349,0.192,0.357,-7.507,72.510,7.141
0.353,0.154,0.321,-7.202,58.838,-1.404
0.312,0.108,0.422,-4.028,27.588,-13.245
0.249,0.040,0.567,1.160,20.081,-14.526
-0.287,1.885,0.551,65.857,54.749,-58.105
-0.185,1.598,0.363,107.727,72.388,-77.759
0.007,1.027,0.055,153.198,79.346,-111.938
0.769,-1.080,-0.681,137.268,54.138,-123.474
1.215,-2.489,-0.670,88.562,4.700,-118.530
1.422,-3.446,-0.157,-64.026,-102.966,5.981
1.286,-3.538,0.542,-107.056,-108.276,107.056
0.410,-1.502,0.432,-115.112,-80.261,198.303
-0.101,0.072,-0.241,-110.291,-53.284,259.277
-0.596,1.562,-0.552,-120.728,-74.402,261.597
-1.254,3.139,0.401,-117.187,-90.759,214.966
-1.296,3.224,0.868,-88.440,-82.397,158.508
-1.192,3.093,0.992,4.761,-21.240,66.895
-1.030,2.879,0.948,31.067,3.418,34.668
-0.713,2.313,0.802,41.138,21.057,7.019
-0.526,1.868,0.706,43.823,33.386,-18.188
-0.327,1.353,0.644,45.105,44.128,-47.852
-0.016,0.647,0.537,43.640,46.082,-48.279
0.089,0.481,0.457,38.879,45.837,-43.884
0.160,0.394,0.403,7.629,34.363,-27.588
0.190,0.380,0.406,-15.503,26.367,-16.113
0.131,0.540,0.453,-34.973,20.935,-4.395
0.065,0.672,0.427,-48.218,17.944,5.249
-0.002,0.774,0.411,-61.646,12.207,13.489
-0.122,0.924,0.467,-61.096,11.902,15.503
-0.165,1.047,0.406,-56.580,15.381,16.968
-0.182,1.150,0.303,-45.105,18.005,10.315
-0.181,1.208,0.234,-42.542,14.893,3.540
-0.159,1.229,0.175,-40.955,12.024,-3.113
-0.143,1.218,0.122,-39.307,10.132,-8.911
-0.131,1.216,0.047,-39.429,4.883,-17.395
-0.151,1.296,-0.097,-35.950,0.793,-20.264
-0.185,1.420,-0.193,-25.513,-2.319,-23.193
-0.224,1.603,-0.348,5.615,-6.531,-37.537
-0.253,1.797,-0.573,15.381,-13.977,-52.063
-0.228,1.766,-0.878,21.667,-28.564,-69.702
-0.180,1.521,-0.837,32.715,-46.448,-84.290
-0.135,1.261,-0.700,80.444,-73.547,-90.210
-0.098,0.980,-0.327,98.999,-79.895,-86.304
-0.100,0.929,-0.211,104.248,-83.191,-84.534
-0.105,0.819,-0.099,84.656,-95.459,-91.614
-0.114,0.654,0.079,71.411,-103.149,-92.346
-0.125,0.440,0.498,66.650,-106.384,-88.440
-0.111,0.391,0.649,71.655,-104.919,-82.397
-0.088,0.348,0.805,86.243,-95.703,-69.946
-0.056,0.332,0.980,87.585,-87.280,-63.843
-0.057,0.371,0.965,80.444,-79.102,-58.411
-0.072,0.425,0.970,40.588,-73.853,-53.528
-0.079,0.439,1.041,23.010,-71.777,-54.016
-0.031,0.393,1.136,13.184,-65.125,-52.917
0.009,0.390,1.087,10.559,-55.176,-49.011
0.047,0.417,1.023,14.954,-38.025,-37.659
0.114,0.506,0.920,15.381,-32.288,-33.691
0.149,0.508,0.886,13.855,-28.015,-31.555
0.176,0.494,0.873,12.329,-21.240,-25.574
0.190,0.498,0.873,14.099,-16.296,-20.691
0.195,0.568,0.819,13.367,-10.498,-15.991
0.191,0.629,0.749,7.751,-5.676,-12.878
0.188,0.665,0.681,-4.761,-2.319,-12.878
0.176,0.654,0.607,-10.132,-2.319,-13.855
0.162,0.639,0.579,-14.526,-1.526,-14.099
0.152,0.596,0.537,-14.404,2.075,-12.878
0.141,0.543,0.502,-9.888,3.540,-10.437
0.132,0.448,0.387,-1.709,6.042,-7.629
0.170,0.369,0.202,10.437,8.179,-5.676
0.240,0.224,-0.023,23.987,-5.005,-2.502
0.391,-0.230,-0.188,22.949,-21.790,4.028
0.442,-0.443,-0.149,21.301,-39.063,16.785
0.439,-0.503,-0.090,12.207,-67.078,62.378
0.367,-0.352,0.012,4.578,-76.233,85.693
0.156,0.244,0.193,-2.319,-80.139,102.051
0.071,0.534,0.220,-7.507,-80.566,111.023
-0.013,0.805,0.256,-18.372,-83.923,113.403
-0.224,1.239,0.417,-23.071,-87.036,108.582
-0.352,1.386,0.544,-23.682,-89.050,101.868
-0.479,1.488,0.712,-4.028,-84.229,87.830
-0.582,1.552,0.897,12.817,-75.073,79.712
-0.650,1.532,1.098,26.367,-63.477,69.397
-0.637,1.458,1.144,31.494,-53.040,57.434
-0.620,1.384,1.189,24.841,-36.926,34.058
-0.566,1.221,1.188,19.531,-28.809,24.292
-0.528,1.154,1.139,16.907,-20.813,17.273
-0.491,1.106,1.082,14.771,-8.850,9.827
-0.456,1.065,1.035,12.146,-5.066,6.897
-0.388,1.000,0.960,8.606,-1.160,3.906
-0.357,0.968,0.907,3.845,2.625,0.732
-0.334,0.948,0.846,1.526,8.789,-4.639
-0.293,0.910,0.721,5.798,11.353,-6.714
-0.265,0.873,0.657,8.606,12.939,-9.033
-0.227,0.818,0.620,6.287,11.658,-13.123
-0.180,0.740,0.615,6.531,10.620,-13.062
-0.101,0.622,0.622,8.484,10.193,-10.681
-0.082,0.604,0.629,7.629,9.888,-7.385
-0.075,0.586,0.625,-0.183,9.094,-3.418
-0.058,0.471,0.617,-1.648,7.080,-2.258
-0.050,0.367,0.698,-4.272,3.784,0.122
-0.047,0.249,0.801,-6.714,4.517,13.367
-0.044,0.122,0.889,-6.958,8.911,24.414
-0.073,-0.110,1.057,-10.376,14.526,37.598
-0.121,-0.192,1.115,-18.005,20.874,51.819
-0.199,-0.236,1.176,-46.021,33.264,79.956
-0.429,-0.117,1.341,-59.387,41.992,93.628
-0.536,0.019,1.346,-67.078,55.542,105.957
-0.611,0.172,1.245,-63.538,88.257,122.986
-0.652,0.322,1.100,-57.129,99.487,126.770
-0.675,0.648,0.817,-53.528,106.323,127.625
-0.679,0.852,0.664,-55.298,109.497,124.634
-0.656,0.996,0.505,-65.491,108.826,104.919
-0.562,1.113,0.285,-72.083,105.774,93.506
-0.510,1.154,0.176,-75.745,103.516,84.167
-0.456,1.180,0.048,-63.477,98.572,72.388
-0.407,1.205,-0.056,-51.636,93.201,69.641
-0.337,1.255,-0.214,-41.260,85.571,67.627
-0.318,1.273,-0.262,-34.973,75.317,65.430
-0.304,1.262,-0.289,-26.428,49.011,57.922
-0.278,1.132,-0.238,-20.569,34.607,53.772
-0.279,1.047,-0.153,-15.442,21.057,50.964
-0.291,0.972,-0.053,-6.042,1.953,50.232
-0.310,0.928,0.022,-0.183,-3.479,51.575
-0.365,0.926,0.056,5.859,-8.179,52.795
-0.395,0.922,0.054,11.841,-14.221,53.284
-0.430,0.899,0.117,14.160,-32.166,53.589
-0.548,0.957,0.438,8.911,-38.818,54.077
-0.621,1.068,0.617,2.563,-40.344,52.734
-0.703,1.212,0.765,-7.812,-29.968,39.063
-0.796,1.341,0.917,-12.451,-20.203,26.672
-0.968,1.481,1.242,-16.235,-5.615,12.878
-1.028,1.512,1.327,-20.325,13.977,-1.160
-1.068,1.530,1.382,-27.283,58.594,-31.372
-1.049,1.520,1.309,-27.466,81.482,-48.767
-0.977,1.448,1.152,-23.193,101.868,-67.078
-0.882,1.318,1.031,-4.700,127.258,-97.229
-0.785,1.159,0.998,-1.038,138.977,-105.408
-0.592,0.903,0.742,-1.709,153.320,-109.985
-0.478,0.823,0.421,-2.441,163.940,-112.671
-0.350,0.764,0.149,-3.845,147.522,-116.699
-0.112,0.599,0.074,-12.329,128.540,-118.713
0.005,0.496,0.047,-22.827,114.075,-119.751
0.114,0.397,-0.014,-33.752,91.614,-108.765
0.187,0.374,-0.043,-30.090,79.773,-95.520
0.241,0.527,-0.092,-23.621,68.909,-82.581
0.254,0.617,-0.148,-22.522,57.434,-73.608
0.265,0.631,-0.151,-39.246,27.283,-68.237
0.259,0.510,-0.017,-42.664,13.672,-64.148
0.233,0.477,0.087,-38.940,3.906,-56.152
0.194,0.500,0.182,-20.386,-2.258,-36.194
0.148,0.569,0.246,-15.137,-1.770,-29.785
0.067,0.656,0.297,-12.817,-2.014,-27.161
0.037,0.649,0.339,-9.888,-4.150,-26.672
0.017,0.622,0.408,-1.099,-9.033,-25.391
1.558,-2.406,-0.902,134.888,-51.514,-0.183
1.443,-2.806,-0.148,51.270,-135.254,53.101
1.048,-2.695,0.820,-82.642,-187.073,218.018
-0.109,-0.997,1.097,-83.740,-138.611,302.368
-0.766,0.578,0.160,-60.364,-85.999,364.746
-1.417,2.408,-0.445,-45.410,-75.867,385.620
-1.834,3.527,0.033,-68.665,-139.832,249.451
-1.764,3.188,1.713,-52.734,-120.972,156.311
-1.531,2.844,1.764,-18.555,-66.589,91.553
-1.286,2.656,1.417,37.170,31.189,16.357
-0.770,2.165,0.756,40.100,47.241,-16.724
-0.503,1.715,0.650,31.921,48.279,-47.241
-0.254,1.209,0.612,14.160,41.382,-80.566
-0.043,0.752,0.579,1.343,37.842,-79.956
0.240,0.133,0.490,-14.221,33.325,-71.045
0.294,0.037,0.438,-31.311,27.100,-56.030
0.286,0.096,0.408,-67.810,9.705,-20.142
0.179,0.341,0.458,-78.613,1.770,-6.348
0.118,0.456,0.504,-76.843,-2.991,4.333
0.062,0.563,0.537,-45.288,-2.075,20.386
0.010,0.670,0.551,-34.241,0.854,26.306
-0.086,0.879,0.562,-31.738,4.089,29.602
-0.122,0.956,0.536,-31.860,7.751,29.541
-0.139,0.999,0.485,-22.156,12.085,20.508
-0.139,0.978,0.446,-13.000,11.475,14.587
-0.132,0.963,0.427,-2.625,11.108,10.254
-0.117,0.948,0.394,8.972,9.705,5.493
-0.095,0.918,0.383,9.460,7.690,4.150
-0.051,0.878,0.386,9.949,5.981,3.662
-0.035,0.881,0.386,10.498,4.395,3.845
-0.028,0.891,0.395,9.155,1.282,3.540
-0.030,0.907,0.388,6.714,0.122,2.319
-0.040,0.921,0.384,4.150,-1.648,0.488
-0.053,0.919,0.408,5.127,-5.493,-5.066
-0.056,0.879,0.438,7.690,-5.432,-6.958
-0.049,0.791,0.429,9.583,-4.944,-6.470
-0.057,0.787,0.421,8.545,-5.676,-4.333
-0.076,0.799,0.440,-0.244,-11.047,-0.305
-0.139,0.867,0.492,-5.310,-13.000,0.427
-0.171,0.900,0.505,-10.376,-13.916,-0.244
-0.197,0.937,0.494,-13.550,-13.428,-4.883
-0.218,0.978,0.460,-9.949,-13.672,-8.179
-0.241,1.035,0.425,-5.371,-14.954,-11.658
-0.244,1.039,0.435,-1.648,-16.174,-15.137
-0.241,1.036,0.425,2.686,-15.625,-20.874
-0.235,1.070,0.357,2.380,-15.808,-23.743
-0.240,1.103,0.321,1.953,-17.151,-27.527
-0.244,1.126,0.290,3.967,-22.156,-39.124
-0.236,1.108,0.263,8.179,-25.269,-46.143
-0.177,0.982,0.232,13.672,-28.870,-51.758
-0.151,0.931,0.249,18.494,-32.715,-54.810
-0.135,0.905,0.270,27.954,-37.415,-55.969
-0.098,0.865,0.313,33.142,-37.964,-55.908
-0.059,0.823,0.328,38.269,-38.147,-55.786
-0.010,0.770,0.356,41.199,-41.809,-53.406
0.026,0.729,0.409,37.354,-45.044,-50.903
0.042,0.709,0.578,31.921,-47.424,-48.584
0.040,0.702,0.655,26.062,-47.974,-47.180
0.042,0.681,0.700,15.015,-44.312,-45.837
0.046,0.614,0.772,12.695,-42.358,-44.006
0.038,0.594,0.831,14.099,-40.283,-40.710
0.025,0.600,0.875,25.269,-32.166,-32.715
0.012,0.624,0.895,27.588,-27.649,-30.518
-0.000,0.649,0.930,24.597,-23.560,-29.846
0.004,0.646,0.936,17.883,-19.165,-29.968
0.020,0.634,0.922,6.714,-9.216,-29.846
0.069,0.597,0.842,2.625,-5.188,-28.687
0.088,0.591,0.815,-1.343,-2.563,-26.672
0.102,0.597,0.791,-4.456,2.014,-21.118
0.109,0.618,0.758,-5.859,4.028,-18.311
0.104,0.687,0.697,-7.568,5.310,-16.113
0.106,0.704,0.656,-7.629,6.470,-14.771
0.113,0.710,0.598,-6.897,6.592,-13.184
0.130,0.685,0.514,-6.775,4.761,-12.146
0.133,0.673,0.483,-5.859,2.441,-10.437
0.131,0.662,0.470,-7.385,-2.686,-5.737
0.125,0.653,0.464,-7.812,-4.150,-2.686
0.109,0.662,0.437,-6.287,-4.700,0.549
0.110,0.645,0.418,-2.625,-4.883,2.991
0.121,0.604,0.390,5.981,-6.653,6.775
0.156,0.473,0.354,6.165,-9.949,9.521
0.162,0.418,0.373,4.517,-14.038,13.794
0.151,0.406,0.390,3.357,-19.836,27.161
0.130,0.435,0.398,5.127,-21.790,33.813
0.075,0.545,0.436,6.470,-24.048,39.063
0.050,0.587,0.477,6.348,-26.489,42.419
0.032,0.601,0.528,5.310,-29.236,46.143
-0.003,0.621,0.572,3.479,-29.297,48.218
-0.036,0.678,0.592,-0.366,-30.151,50.598
-0.093,0.783,0.644,-9.338,-32.959,52.979
-0.162,0.910,0.719,-7.690,-29.663,50.964
-0.218,1.060,0.774,-1.099,-23.437,46.753
-0.213,1.093,0.763,4.761,-17.212,41.565
-0.199,1.099,0.730,4.761,-9.888,29.846
-0.166,1.031,0.713,2.563,-8.972,25.146
-0.169,1.029,0.723,1.282,-8.362,22.461
-0.177,1.043,0.732,4.883,-4.395,17.944
-0.182,1.047,0.728,7.935,-1.953,14.526
-0.176,1.019,0.722,9.338,-0.061,10.742
-0.166,0.995,0.712,8.972,1.892,6.958
-0.153,0.969,0.676,2.625,4.700,0.122
-0.126,0.907,0.608,-1.648,3.784,-2.502
-0.118,0.873,0.601,-4.761,1.648,-4.333
-0.112,0.839,0.608,-4.089,-2.075,-5.188
-0.108,0.802,0.622,-1.221,-2.136,-4.272
-0.100,0.739,0.657,1.587,-0.732,-2.319
-0.100,0.738,0.646,3.662,1.648,0.183
-0.099,0.744,0.619,2.197,4.395,2.014
-0.076,0.693,0.588,-2.014,3.845,1.465
-0.061,0.658,0.580,-7.263,2.258,1.648
-0.048,0.624,0.604,-14.709,-2.747,5.005
-0.037,0.584,0.664,-14.099,-2.869,8.667
-0.023,0.514,0.774,-11.841,0.061,13.977
-0.022,0.513,0.802,-9.521,5.127,20.386
-0.030,0.538,0.818,-8.057,16.907,32.166
-0.063,0.580,0.818,-8.240,22.827,36.316
-0.080,0.594,0.779,-9.338,28.259,39.612
-0.101,0.602,0.744,-19.348,33.020,44.189
-0.131,0.607,0.746,-25.696,33.936,46.143
-0.206,0.629,0.814,-29.968,37.292,48.401
-0.232,0.653,0.783,-31.250,43.640,51.025
-0.244,0.686,0.698,-27.588,54.871,55.054
-0.259,0.773,0.532,-24.780,55.298,55.725
-0.272,0.837,0.488,-24.475,53.040,55.359
-0.286,0.890,0.480,-27.710,46.143,50.171
-0.298,0.932,0.497,-26.184,44.739,46.326
-0.284,0.965,0.460,-22.827,44.922,41.809
-0.259,0.947,0.429,-20.203,44.678,37.415
-0.238,0.934,0.405,-19.775,41.077,31.799
-0.205,0.903,0.356,-19.897,38.147,30.029
-0.196,0.892,0.348,-19.531,34.546,28.931
-0.196,0.894,0.353,-18.860,26.978,27.710
-0.203,0.906,0.360,-18.372,24.048,26.428
-0.227,0.946,0.356,-17.456,21.545,24.231
-0.233,0.949,0.359,-16.418,19.104,21.362
-0.230,0.932,0.363,-16.174,15.015,15.625
-0.211,0.890,0.378,-15.381,13.672,14.038
-0.199,0.876,0.374,-13.489,12.939,13.367
-0.192,0.875,0.363,-9.155,10.071,13.000
-0.191,0.879,0.363,-8.057,7.629,12.268
-0.193,0.864,0.373,-7.263,5.249,11.292
-0.193,0.860,0.371,-5.554,3.052,10.498
-0.196,0.862,0.382,-2.014,-1.648,8.972
-0.202,0.859,0.412,0.000,-3.113,8.179
-0.201,0.860,0.426,2.075,-4.028,7.629
-0.199,0.863,0.441,4.150,-4.639,6.714
-0.195,0.867,0.444,3.906,-5.127,6.165
-0.193,0.870,0.447,2.625,-6.531,5.188
-0.197,0.860,0.467,1.038,-8.423,4.028
-0.202,0.853,0.506,-1.709,-10.742,2.258
0.677,3.685,0.433,-31.982,88.684,-11.841
0.689,3.932,-0.226,-62.561,28.809,-316.162
0.447,2.981,-0.560,-7.324,-24.353,-448.425
-0.221,-0.168,-0.726,62.988,-62.866,-507.874
-0.583,-1.869,-0.574,93.140,-93.201,-500.000
-0.967,-3.319,0.089,58.472,-140.503,-337.646
-1.330,-4.000,1.779,25.513,-115.601,-221.863
-1.165,-3.613,1.746,-35.706,-51.392,-118.042
-0.841,-3.017,1.213,-134.460,53.650,13.672
-0.463,-2.402,0.728,-96.863,54.932,53.589
0.162,-1.205,0.731,-21.484,36.865,79.956
0.347,-0.797,0.974,39.490,18.433,92.529
0.457,-0.502,1.138,33.569,13.123,88.684
0.558,-0.177,1.032,-0.427,21.545,76.721
0.579,-0.140,0.899,-29.724,28.687,61.890
0.586,-0.133,0.767,-51.514,25.696,37.720
0.577,-0.096,0.684,-42.480,15.442,28.503
0.509,-0.092,0.738,-26.917,4.211,18.127
0.459,-0.205,0.782,-6.409,-5.066,8.484
0.406,-0.314,0.821,27.466,-17.822,1.282
0.306,-0.404,1.004,24.231,-18.616,-0.122
0.280,-0.460,0.989,6.897,-12.573,-2.930
0.271,-0.521,0.874,-24.536,1.770,-6.592
0.271,-0.563,0.762,-24.963,1.099,-5.981
0.247,-0.597,0.748,-19.409,-2.563,-4.089
0.237,-0.588,0.784,-14.221,-5.066,-1.770
0.233,-0.573,0.829,-10.681,-4.578,-0.122
0.252,-0.570,0.842,-10.315,-1.587,0.122
0.268,-0.531,0.829,-10.376,1.099,1.404
0.284,-0.483,0.833,-8.423,2.625,1.526
0.297,-0.462,0.836,-2.747,3.357,0.427
0.298,-0.464,0.789,4.028,3.662,-0.305
0.287,-0.459,0.799,9.338,2.319,-1.099
0.270,-0.445,0.845,15.686,-0.977,-4.944
0.236,-0.442,0.926,15.747,-0.122,-7.812
0.222,-0.447,0.956,13.611,1.770,-10.498
0.207,-0.449,1.010,8.362,5.005,-15.137
0.194,-0.434,1.083,6.104,7.996,-16.663
0.172,-0.360,1.204,4.028,12.329,-18.372
0.164,-0.317,1.238,3.235,18.066,-20.935
0.162,-0.309,1.230,8.728,32.654,-29.053
0.167,-0.341,1.188,13.245,39.368,-31.616
0.183,-0.330,1.143,17.883,46.326,-33.081
0.205,-0.321,1.066,18.921,59.204,-38.635
0.229,-0.337,0.971,15.076,62.805,-43.030
0.275,-0.425,0.789,12.207,64.087,-46.875
0.302,-0.470,0.708,12.390,63.904,-49.744
0.333,-0.527,0.610,14.404,61.523,-53.955
0.379,-0.700,0.459,10.498,57.617,-54.993
0.382,-0.783,0.445,4.578,52.490,-54.199
0.377,-0.823,0.453,-4.333,42.908,-46.997
0.371,-0.833,0.470,-8.362,38.940,-43.518
0.370,-0.885,0.467,-12.024,35.339,-40.527
0.379,-0.927,0.437,-13.245,32.227,-36.987
0.386,-0.953,0.424,-6.409,25.574,-25.757
0.390,-0.901,0.475,-2.991,21.912,-18.799
0.390,-0.843,0.510,-2.258,18.799,-12.695
0.386,-0.785,0.544,-10.010,15.259,-6.287
0.383,-0.748,0.555,-15.808,14.404,-5.127
0.375,-0.697,0.551,-20.508,13.245,-3.906
0.373,-0.656,0.547,-22.888,12.024,-2.869
0.373,-0.616,0.536,-21.545,8.911,-3.113
0.376,-0.522,0.500,-20.020,6.042,-3.784
0.372,-0.441,0.506,-18.311,1.648,-5.493
0.362,-0.355,0.525,-20.386,-8.179,-18.921
0.349,-0.274,0.525,-21.484,-13.306,-31.982
0.332,-0.150,0.443,-16.296,-20.569,-48.950
0.325,-0.085,0.396,-1.770,-29.968,-67.749
0.319,-0.005,0.355,30.945,-50.537,-110.901
0.293,-0.153,0.442,28.931,-59.509,-132.996
0.247,-0.505,0.537,16.846,-65.308,-146.729
0.188,-0.957,0.652,17.334,-67.871,-123.047
0.139,-1.183,0.762,32.288,-65.125,-90.515
0.094,-0.842,1.001,37.964,-59.448,-64.087
0.083,-0.719,1.055,26.123,-48.218,-53.162
0.078,-0.787,1.008,-13.855,-21.423,-53.528
0.087,-0.963,0.880,-16.541,-16.052,-46.997
0.095,-0.931,0.885,-9.277,-15.930,-36.499
0.098,-0.893,0.924,0.854,-17.639,-20.752
0.094,-0.898,0.964,-0.793,-15.381,-15.503
0.082,-0.899,0.994,-3.906,-11.047,-9.949
0.084,-0.855,0.957,-6.714,-5.493,-5.066
0.091,-0.819,0.907,-7.202,2.014,-2.197
0.107,-0.841,0.845,-6.836,3.296,-1.465
0.116,-0.838,0.819,-6.897,3.967,1.038
0.122,-0.788,0.802,-8.057,4.028,5.676
0.129,-0.736,0.788,-8.423,4.639,4.089
0.146,-0.776,0.694,-8.484,5.127,1.465
0.154,-0.825,0.642,-9.277,4.333,0.244
0.162,-0.858,0.585,-10.315,0.000,3.662
0.169,-0.909,0.439,-7.996,-4.150,7.080
0.168,-0.952,0.356,-5.249,-9.827,11.047
0.162,-0.994,0.275,-5.249,-25.635,21.973
0.152,-1.026,0.208,-8.911,-35.767,28.931
0.104,-1.100,0.122,-13.611,-47.241,36.743
0.068,-1.134,0.128,-16.235,-60.120,46.265
0.029,-1.119,0.184,-15.259,-86.060,70.007
-0.030,-0.986,0.333,-19.348,-96.313,80.322
-0.055,-0.905,0.414,-27.344,-105.041,88.440
-0.090,-0.808,0.539,-41.382,-119.812,100.342
-0.138,-0.656,0.764,-38.879,-122.437,102.539
-0.179,-0.288,1.214,-28.442,-116.211,98.083
-0.151,-0.242,1.251,-17.761,-103.271,86.731
-0.119,-0.266,1.253,-8.484,-79.285,62.866
-0.070,-0.277,1.235,-4.944,-69.275,55.969
-0.052,-0.193,1.218,0.061,-60.669,50.903
-0.037,-0.101,1.210,1.404,-46.936,31.250
-0.021,-0.048,1.172,-0.916,-40.588,16.357
0.012,-0.016,0.998,-0.427,-37.476,0.549
0.023,-0.033,0.941,2.563,-38.818,-15.381
0.019,-0.076,0.932,4.089,-49.194,-44.495
-0.033,-0.397,1.039,0.000,-52.429,-56.091
-0.069,-0.743,1.118,-5.737,-51.819,-60.852
-0.108,-1.092,1.225,-10.803,-41.382,-31.128
-0.149,-1.322,1.386,-11.963,-30.090,0.122
-0.245,-1.291,1.662,-18.677,-11.780,33.813
-0.280,-1.102,1.644,-29.724,12.207,61.829
-0.293,-0.962,1.520,-55.603,57.434,85.571
-0.292,-1.035,1.299,-67.871,71.594,91.797
-0.285,-1.084,1.208,-78.796,83.679,103.210
-0.266,-1.065,1.112,-92.346,107.422,137.268
-0.239,-0.927,1.051,-92.102,119.690,151.672
-0.115,-0.405,0.876,-88.928,131.226,156.189
-0.012,-0.161,0.717,-88.196,139.099,149.231
0.109,-0.003,0.513,-90.332,131.470,108.032
0.303,-0.056,0.364,-82.520,114.868,86.060
0.350,-0.074,0.378,-65.918,96.863,72.388
0.384,-0.022,0.388,-20.203,61.768,57.800
0.406,0.058,0.440,-0.427,44.556,47.974
0.408,0.129,0.616,8.911,31.433,34.058
0.402,0.048,0.648,6.042,23.132,18.005
0.390,-0.043,0.681,-6.836,14.099,-5.066
0.362,-0.276,0.711,-11.169,13.245,-10.559
0.352,-0.361,0.680,-14.282,12.695,-11.108
0.344,-0.344,0.643,-11.169,7.446,-3.479
0.339,-0.262,0.638,-7.385,3.113,-3.662
0.321,-0.291,0.747,-6.042,-0.427,-7.935
0.307,-0.392,0.783,-7.080,-2.319,-11.475
0.297,-0.431,0.786,-4.272,-4.517,-7.141
0.290,-0.339,0.812,-0.244,-6.714,-4.944
0.289,-0.322,0.856,2.869,-8.728,-5.981
0.287,-0.348,0.894,0.977,-8.972,-11.658
0.286,-0.399,0.919,-0.916,-7.446,-12.390
0.294,-0.522,0.927,0.854,-5.432,-10.193
0.296,-0.529,0.916,6.714,-3.235,-5.005
0.296,-0.485,0.911,12.146,0.732,5.127
0.298,-0.412,0.908,6.348,2.991,5.920
0.301,-0.398,0.899,-1.343,5.127,4.761
0.312,-0.391,0.881,-10.193,6.775,1.404
0.326,-0.399,0.865,-10.437,6.104,0.732
1.263,-2.561,0.507,32.898,-64.880,31.372
0.933,-1.873,0.576,8.057,-74.219,137.878
0.450,-0.819,0.512,19.592,-39.917,283.997
-0.564,1.581,0.006,42.603,-18.616,302.002
-0.922,2.584,-0.057,64.087,-8.301,282.349
-1.078,3.166,-0.036,123.352,1.404,160.156
-1.041,3.261,0.033,140.625,3.296,88.745
-0.696,2.554,0.307,135.315,4.089,29.541
-0.500,2.071,0.417,119.507,6.470,-12.756
-0.315,1.602,0.472,107.849,15.137,-51.941
0.004,0.864,0.549,96.008,19.409,-52.185
0.101,0.698,0.526,64.636,23.132,-44.312
0.153,0.646,0.461,-11.963,21.545,-28.748
0.183,0.625,0.389,-31.799,14.771,-25.208
0.239,0.572,0.295,-41.992,6.470,-21.240
0.250,0.577,0.287,-50.598,-1.404,-14.832
0.235,0.614,0.329,-55.725,-10.986,2.747
0.138,0.778,0.445,-47.180,-9.521,11.230
0.078,0.903,0.418,-38.269,-4.639,17.639
0.030,1.011,0.342,-42.297,0.305,18.555
-0.005,1.079,0.288,-55.298,-2.502,14.099
-0.045,1.101,0.332,-64.087,-4.456,8.789
-0.051,1.087,0.322,-62.805,-2.869,4.578
-0.046,1.085,0.267,-45.898,1.831,0.488
-0.020,1.058,0.221,-43.091,0.610,-2.075
-0.003,1.017,0.233,-41.321,-0.732,-4.944
0.013,0.983,0.221,-27.161,1.221,-8.057
0.030,0.957,0.196,-18.677,2.136,-9.033
0.061,0.918,0.109,-13.794,1.526,-9.888
0.073,0.906,0.077,-12.024,-1.404,-10.620
0.078,0.904,0.060,-10.742,-9.521,-10.620
0.058,0.958,0.003,-9.949,-13.000,-9.766
0.028,1.018,-0.060,-11.780,-16.663,-8.728
-0.008,1.078,-0.136,-23.132,-28.320,-8.850
-0.044,1.140,-0.188,-28.748,-35.706,-9.644
-0.147,1.332,-0.256,-30.273,-42.053,-11.475
-0.198,1.419,-0.276,-23.010,-47.302,-16.235
-0.228,1.450,-0.292,10.010,-54.504,-35.950
-0.205,1.341,-0.356,21.545,-59.082,-47.363
-0.154,1.218,-0.346,27.344,-66.406,-57.495
-0.091,1.086,-0.276,36.255,-84.900,-67.566
-0.025,0.961,-0.159,45.776,-91.003,-67.078
0.116,0.709,0.135,56.335,-94.177,-63.904
0.176,0.599,0.319,62.256,-95.276,-58.289
0.206,0.547,0.505,57.007,-90.515,-42.847
0.182,0.583,0.733,49.988,-84.595,-36.743
0.149,0.608,0.775,39.368,-78.735,-33.386
0.115,0.625,0.812,15.991,-70.068,-30.579
0.093,0.630,0.857,6.226,-65.125,-28.503
0.091,0.631,0.968,-1.221,-58.594,-25.208
0.099,0.638,1.001,-3.113,-49.683,-21.057
0.111,0.650,0.990,6.226,-26.123,-12.756
0.132,0.732,0.821,7.812,-15.564,-9.644
0.143,0.777,0.723,4.700,-8.789,-8.240
0.158,0.800,0.662,-7.446,-4.456,-9.827
0.176,0.805,0.622,-12.817,-2.319,-10.620
0.212,0.788,0.522,-15.137,0.854,-10.376
0.224,0.792,0.442,-14.893,4.028,-8.667
0.226,0.819,0.362,-12.329,5.310,-3.845
0.217,0.857,0.279,-11.414,4.028,-2.686
0.216,0.852,0.267,-10.010,2.869,-2.136
0.218,0.834,0.260,-4.639,2.014,-1.038
0.219,0.810,0.258,-3.052,1.892,0.183
0.220,0.750,0.218,-1.831,1.526,2.014
0.220,0.721,0.185,-0.305,-0.061,4.578
0.215,0.695,0.167,2.808,-7.324,11.658
0.204,0.627,0.137,5.188,-11.353,16.113
0.205,0.577,0.112,7.507,-15.869,21.667
0.212,0.509,0.085,13.062,-28.503,37.720
0.227,0.424,0.054,15.564,-37.964,48.889
0.262,0.247,0.005,18.372,-49.988,62.439
0.272,0.158,0.010,21.301,-63.965,77.881
0.247,0.122,0.069,15.991,-93.628,114.563
0.009,0.460,0.577,3.662,-102.661,132.324
-0.153,0.816,0.917,-9.277,-97.778,142.761
-0.262,1.114,0.978,-10.132,-41.504,129.517
-0.310,1.317,0.719,-5.798,-16.174,111.755
-0.354,1.531,0.062,-4.761,-7.935,90.881
-0.368,1.523,0.064,-6.348,-16.479,70.068
-0.377,1.475,0.236,-10.559,-38.208,38.879
-0.367,1.334,0.574,-7.629,-34.729,30.334
-0.347,1.264,0.599,-0.671,-23.376,25.391
-0.328,1.224,0.570,9.521,-3.113,20.569
-0.319,1.224,0.533,9.583,1.282,16.235
-0.307,1.218,0.449,7.812,2.319,9.033
-0.287,1.158,0.434,4.517,0.183,0.732
-0.258,1.084,0.467,-0.610,-5.188,-9.155
-0.204,0.968,0.521,1.221,-2.991,-9.766
-0.184,0.932,0.498,5.310,1.465,-8.301
-0.171,0.909,0.461,8.118,6.897,-3.113
-0.163,0.903,0.439,7.629,6.897,-1.160
-0.168,0.936,0.435,6.592,6.592,-0.793
-0.170,0.931,0.451,3.540,6.104,-2.258
-0.171,0.916,0.477,-4.211,7.263,-6.042
-0.158,0.884,0.447,-5.920,10.132,-7.812
-0.137,0.841,0.407,-7.019,11.963,-9.338
-0.119,0.806,0.388,-9.827,9.705,-7.446
-0.103,0.780,0.432,-10.010,9.277,-4.517
-0.076,0.741,0.526,-8.850,12.451,-0.977
-0.058,0.728,0.521,-7.385,17.456,2.808
-0.043,0.721,0.517,-9.216,23.437,9.705
-0.039,0.709,0.604,-10.803,25.085,12.268
-0.045,0.668,0.673,-10.620,28.259,14.404
-0.057,0.614,0.717,-9.888,39.246,20.996
-0.076,0.554,0.746,-12.817,44.250,25.879
-0.133,0.433,0.919,-18.982,49.988,32.288
-0.176,0.427,0.954,-26.917,59.753,40.527
-0.221,0.457,0.905,-40.649,87.158,58.777
-0.328,0.652,0.646,-44.739,99.365,67.505
-0.382,0.798,0.478,-44.983,108.582,74.097
-0.425,0.957,0.285,-34.668,114.502,76.294
-0.449,1.102,0.126,-27.588,109.131,70.496
-0.461,1.263,0.066,-22.217,101.379,61.584
-0.458,1.314,0.036,-18.555,95.276,51.575
-0.437,1.331,-0.046,-16.907,83.618,30.396
-0.337,1.220,-0.131,-18.921,73.059,21.057
-0.284,1.128,-0.104,-21.729,61.157,14.282
-0.243,1.032,-0.064,-19.043,44.189,10.681
-0.217,0.965,-0.039,-11.475,39.734,13.428
-0.207,0.938,-0.059,-2.563,35.400,17.273
-0.209,0.954,-0.076,5.005,29.297,20.630
-0.210,0.945,-0.066,10.803,11.841,23.621
-0.212,0.903,-0.019,11.841,2.808,25.696
-0.213,0.914,0.015,13.184,-5.615,28.687
-0.218,0.947,0.082,13.184,-19.348,33.508
-0.238,1.022,0.173,11.108,-22.766,33.691
-0.320,1.262,0.401,8.362,-23.376,30.273
-0.371,1.390,0.553,5.249,-20.264,22.644
-0.425,1.519,0.692,-4.517,1.282,-5.981
-0.525,1.695,0.781,-14.404,18.066,-27.649
