Motion detected, recording started...
aX, aY, aZ, gX, gY, gZ
Recording complete. Printing data...
aX,aY,aZ,gX,gY,gZ
0.283,0.281,1.926,-356.384,116.272,35.950
0.022,0.602,1.798,-401.428,139.221,42.725
-0.198,0.804,1.597,-302.429,219.482,1.221
-0.331,0.804,1.391,-211.243,261.353,-34.973
-0.710,0.797,1.442,-125.732,309.937,-69.885
-1.271,0.921,1.181,-41.260,407.349,-111.145
-2.130,0.932,-0.642,-6.165,690.857,-169.739
-3.929,0.118,-4.000,-89.111,594.299,-155.762
-4.000,-0.609,-4.000,-200.928,216.736,-81.360
-4.000,-0.603,-4.000,-522.217,-803.894,328.674
-4.000,0.396,-3.056,-667.969,-1055.237,544.373
-3.656,3.196,0.608,-732.056,-1095.581,662.781
-2.976,3.977,2.423,-719.604,-1037.659,673.950
-1.949,4.000,3.741,-490.784,-792.358,470.459
0.236,3.990,4.000,-314.514,-599.609,292.419
0.736,3.723,4.000,-121.033,-373.352,102.173
0.681,3.209,3.589,224.365,55.359,-189.697
0.303,2.578,2.464,342.773,198.853,-270.203
-0.274,1.146,-0.732,405.762,260.254,-304.993
-0.305,0.430,-1.674,394.226,235.657,-286.682
-0.223,-0.023,-1.873,159.241,36.133,-105.652
0.055,0.431,-0.506,12.207,-63.843,4.578
0.167,1.039,0.336,-87.524,-115.906,78.369
0.230,1.476,0.768,-89.722,-63.293,63.293
0.226,1.562,0.754,-31.555,-16.724,7.690
0.088,0.978,0.307,26.794,11.536,-40.955
0.030,0.709,0.160,62.134,23.987,-64.880
0.007,0.594,0.046,62.866,32.471,-53.467
0.039,0.615,-0.002,54.382,29.175,-39.368
0.069,0.659,0.076,46.509,22.888,-26.794
0.098,0.716,0.156,34.363,18.433,-9.583
0.117,0.835,0.193,34.424,21.851,-5.310
0.115,0.888,0.160,41.016,26.001,-2.625
0.107,0.943,0.132,45.532,28.015,-0.610
0.093,0.983,0.118,34.668,26.428,-2.563
0.060,0.975,0.085,31.860,25.940,-4.700
0.044,0.973,0.055,28.809,24.597,-4.822
0.038,0.988,0.031,17.212,14.526,-1.953
0.054,1.007,0.070,9.399,6.531,-1.160
0.066,1.003,0.113,2.930,-0.305,-0.610
0.080,0.989,0.147,0.305,-4.456,-0.366
0.097,0.974,0.177,-1.526,-9.338,0.122
0.134,0.982,0.244,-1.770,-10.498,1.343
0.142,0.990,0.258,0.732,-9.460,2.014
0.146,0.987,0.258,5.188,-4.150,0.305
0.145,0.986,0.235,3.235,-1.831,-0.061
0.142,0.991,0.214,0.732,-0.061,-0.427
0.138,0.981,0.191,2.686,0.000,-3.174
0.132,0.956,0.170,4.700,-1.953,-3.784
0.114,0.900,0.128,5.554,-5.005,-2.625
0.113,0.881,0.126,2.563,-9.399,0.671
0.118,0.881,0.153,-7.690,-18.921,10.742
0.131,0.886,0.220,-5.798,-20.752,12.329
0.124,0.826,0.221,-2.625,-20.508,10.742
0.105,0.747,0.184,-1.404,-17.700,15.747
0.077,0.689,0.114,-0.610,-19.653,24.536
0.013,0.612,-0.003,0.244,-25.757,35.095
-0.009,0.585,-0.004,-0.366,-34.851,48.096
-0.008,0.622,0.051,-42.175,-54.749,80.933
-0.005,0.780,0.174,-56.152,-59.326,94.360
-0.000,0.884,0.238,-42.725,-60.608,105.713
0.008,1.035,0.342,-19.104,-60.974,117.310
0.013,1.190,0.460,3.784,-53.223,107.117
0.011,1.259,0.515,20.691,-37.415,86.182
0.008,1.221,0.435,-7.263,-19.653,64.331
-0.043,1.165,0.356,-88.135,-9.827,37.598
-0.098,1.087,0.289,-68.604,-12.329,34.119
-0.074,1.125,0.312,-41.565,-15.747,36.011
-0.042,1.184,0.366,-39.001,-23.010,29.968
-0.019,1.220,0.433,-47.974,-21.362,15.869
-0.008,1.115,0.502,-55.725,-13.611,-1.770
0.011,0.966,0.538,-60.486,-1.099,-15.259
0.028,0.848,0.574,-72.388,33.447,-5.432
-0.011,1.189,0.371,-68.176,53.467,7.202
-0.023,1.273,0.307,-59.204,67.261,3.052
-0.037,1.197,0.261,-27.527,84.290,-23.804
-0.052,1.065,0.203,-9.155,90.637,-20.020
-0.081,1.079,0.078,-0.122,93.323,-6.836
-0.102,1.157,0.050,-2.258,90.515,3.479
-0.123,1.202,0.076,-23.071,81.299,8.545
-0.163,1.319,0.091,-30.762,81.238,8.728
-0.194,1.392,0.053,-27.649,81.970,5.432
-0.230,1.431,0.001,-0.244,81.482,-16.968
-0.266,1.405,-0.057,8.850,79.590,-31.006
-0.313,1.247,-0.203,9.705,75.989,-40.100
-0.312,1.232,-0.268,0.977,69.153,-42.786
-0.298,1.230,-0.298,-24.414,43.457,-45.593
-0.255,1.151,-0.262,-34.668,30.029,-46.753
-0.240,1.129,-0.244,-44.067,19.043,-45.898
-0.229,1.117,-0.218,-61.096,0.122,-46.875
-0.211,1.113,-0.176,-70.068,-6.836,-49.011
-0.165,1.186,-0.115,-74.219,-11.292,-52.795
-0.157,1.198,-0.115,-69.702,-14.038,-60.913
-0.163,1.158,-0.153,-42.664,-18.188,-86.426
-0.180,0.995,-0.260,-34.790,-24.170,-95.886
-0.171,0.918,-0.226,-39.307,-31.860,-97.595
-0.139,0.902,-0.185,-72.937,-32.532,-77.393
-0.106,0.955,-0.189,-89.783,-28.320,-67.200
-0.103,1.051,-0.280,-90.759,-25.085,-65.063
-0.106,1.011,-0.335,-75.195,-24.109,-69.885
-0.108,0.943,-0.379,-40.405,-31.067,-77.942
-0.112,0.867,-0.440,-42.969,-38.391,-75.928
-0.109,0.870,-0.457,-55.176,-47.119,-72.754
-0.094,0.868,-0.473,-75.928,-64.575,-70.984
-0.083,0.856,-0.476,-80.872,-72.632,-71.228
-0.094,0.815,-0.469,-80.994,-78.857,-71.899
-0.085,0.758,-0.487,-79.163,-85.205,-72.693
-0.066,0.701,-0.470,-90.881,-105.774,-63.049
-0.020,0.671,-0.428,-99.731,-115.234,-54.199
-0.003,0.658,-0.424,-102.844,-123.474,-47.119
0.021,0.625,-0.391,-101.807,-138.428,-36.255
0.053,0.589,-0.308,-99.976,-141.785,-28.259
0.136,0.621,-0.141,-97.534,-140.747,-18.616
0.183,0.686,-0.074,-95.276,-137.512,-10.376
0.226,0.750,-0.026,-82.092,-125.488,-6.409
0.277,0.747,-0.028,-70.679,-115.662,-9.949
0.281,0.680,-0.087,-55.603,-103.638,-13.245
0.280,0.604,-0.204,-32.410,-84.229,-8.423
0.277,0.547,-0.322,-42.847,-86.121,0.916
0.271,0.553,-0.383,-60.913,-93.323,12.512
0.277,0.597,-0.372,-79.041,-101.624,23.499
0.299,0.653,-0.318,-109.253,-118.896,38.208
0.370,0.750,-0.088,-113.708,-122.009,40.283
0.394,0.736,-0.025,-101.013,-115.540,38.269
0.399,0.673,-0.051,-46.448,-83.984,32.715
0.386,0.597,-0.142,-28.259,-71.716,35.828
0.343,0.504,-0.327,-20.752,-67.810,43.213
0.329,0.507,-0.330,-22.827,-71.350,53.284
0.325,0.538,-0.278,-40.222,-81.360,73.303
0.352,0.672,-0.134,-44.861,-81.360,80.322
0.369,0.758,-0.097,-44.922,-77.881,83.740
0.377,0.808,-0.094,-23.010,-68.298,75.378
0.376,0.775,-0.094,-4.517,-65.979,67.810
0.345,0.577,-0.051,8.545,-63.660,65.369
0.319,0.516,-0.055,14.099,-59.387,70.068
0.292,0.498,-0.077,4.211,-52.124,91.797
0.273,0.586,-0.037,-6.348,-53.284,103.638
0.286,0.685,0.057,-15.320,-55.420,113.220
0.300,0.792,0.151,-14.160,-45.227,118.835
0.304,0.870,0.196,-2.258,-32.043,114.319
0.260,0.883,0.116,10.437,-18.860,107.910
0.219,0.824,0.034,20.264,-9.277,102.356
0.178,0.748,-0.026,23.621,-5.737,103.455
0.107,0.665,-0.037,19.653,-7.080,110.840
0.093,0.703,-0.027,17.700,-7.446,120.666
0.097,0.812,0.008,13.123,-9.155,137.390
0.112,0.952,0.081,6.897,-7.996,137.085
0.115,1.084,0.183,3.052,-1.770,129.639
0.082,1.018,0.148,5.432,8.118,118.958
0.032,0.907,0.084,9.155,23.132,110.229
-0.074,0.759,0.008,6.287,25.391,116.272
-0.116,0.759,0.002,3.662,26.550,126.770
-0.146,0.835,0.025,-16.296,28.137,150.940
-0.159,1.014,0.088,-31.799,31.799,156.616
-0.186,1.478,0.181,-34.424,40.833,150.696
-0.233,1.555,0.140,-22.583,54.138,131.165
-0.288,1.486,0.042,4.150,75.073,81.604
-0.356,1.199,-0.106,1.282,73.364,69.946
-0.365,1.126,-0.031,-20.020,63.477,69.214
-0.377,1.138,0.123,-85.083,53.345,75.867
-0.403,1.208,0.233,-93.872,67.627,73.059
-0.452,1.417,0.070,-81.055,88.684,65.369
-0.464,1.480,-0.090,-58.350,105.713,53.467
-0.463,1.456,-0.203,-31.006,111.572,22.705
-0.485,1.195,-0.241,-43.335,105.530,11.414
-0.519,1.113,-0.225,-81.909,98.572,8.667
-0.555,1.128,-0.226,-139.709,105.286,11.047
-0.579,1.164,-0.328,-127.747,114.563,6.592
-0.596,1.222,-0.584,-112.244,114.624,-0.427
-0.607,1.215,-0.586,-103.577,106.018,-9.583
-0.618,1.189,-0.557,-98.633,93.201,-27.466
-0.626,1.176,-0.636,-94.116,92.407,-34.302
-0.625,1.156,-0.694,-88.989,90.454,-42.175
-0.629,1.099,-0.739,-76.843,83.191,-59.509
-0.635,1.021,-0.796,-70.251,77.576,-64.758
-0.608,0.935,-0.829,-67.444,67.505,-66.772
-0.578,0.946,-0.782,-67.993,55.359,-67.444
-0.548,0.959,-0.729,-63.599,39.795,-75.867
-0.525,0.890,-0.680,-52.856,40.222,-83.557
-0.523,0.837,-0.730,-39.551,43.945,-89.905
-0.509,0.801,-0.779,-34.973,35.461,-93.079
-0.484,0.805,-0.769,-40.527,25.146,-92.163
-0.441,0.888,-0.645,-44.006,20.081,-94.116
-0.441,0.881,-0.644,-38.147,22.461,-100.769
-0.453,0.831,-0.701,-16.541,25.757,-117.187
-0.435,0.650,-0.754,-11.047,16.663,-121.582
-0.423,0.579,-0.721,-2.319,4.883,-117.798
-0.406,0.618,-0.684,8.850,-8.484,-94.238
-0.387,0.692,-0.662,13.367,-8.667,-89.416
-0.349,0.782,-0.661,15.564,-8.545,-88.379
-0.333,0.828,-0.655,13.306,-9.827,-88.318
-0.322,0.858,-0.660,15.930,-13.733,-94.849
-0.299,0.796,-0.677,23.376,-15.930,-101.196
-0.286,0.715,-0.709,33.020,-17.517,-106.506
-0.270,0.634,-0.742,45.654,-25.452,-104.980
-0.249,0.573,-0.748,35.950,-33.020,-97.229
-0.213,0.545,-0.723,13.184,-41.504,-86.304
-0.196,0.569,-0.702,-11.292,-51.025,-74.280
-0.170,0.602,-0.646,-41.504,-69.275,-55.542
-0.106,0.666,-0.508,-44.922,-71.106,-49.622
-0.092,0.700,-0.504,-38.757,-67.017,-45.898
-0.087,0.723,-0.524,-13.489,-57.495,-45.166
-0.087,0.724,-0.549,-4.883,-55.725,-45.044
-0.083,0.743,-0.564,-6.348,-55.786,-43.213
-0.077,0.763,-0.569,-15.869,-56.641,-40.955
-0.072,0.781,-0.580,-30.762,-61.829,-38.208
-0.050,0.773,-0.604,-26.855,-65.979,-38.147
-0.033,0.749,-0.600,-19.104,-71.289,-38.147
-0.013,0.723,-0.572,-8.972,-81.299,-36.255
0.008,0.696,-0.554,-8.911,-84.656,-33.630
0.053,0.687,-0.536,-11.108,-88.989,-30.640
0.078,0.667,-0.490,-9.827,-93.811,-28.870
0.100,0.612,-0.437,-0.793,-96.313,-27.283
0.133,0.502,-0.365,0.000,-94.604,-23.132
0.149,0.491,-0.345,2.930,-92.163,-16.418
0.164,0.493,-0.346,10.132,-86.487,-1.831
0.174,0.505,-0.363,6.775,-86.304,5.554
0.190,0.592,-0.355,2.991,-87.952,12.390
0.200,0.648,-0.351,2.441,-88.989,17.212
0.210,0.678,-0.347,4.944,-90.332,19.043
0.225,0.648,-0.263,2.930,-91.125,19.226
0.234,0.628,-0.221,0.183,-89.722,21.240
0.242,0.615,-0.208,-0.854,-81.787,28.687
0.246,0.606,-0.212,-0.793,-78.552,33.142
0.251,0.601,-0.230,-1.709,-76.355,38.025
0.251,0.609,-0.234,-4.822,-74.768,43.274
0.250,0.629,-0.218,-11.230,-72.083,54.016
0.255,0.725,-0.165,-11.902,-69.824,58.594
0.265,0.763,-0.143,-7.751,-67.627,61.035
0.276,0.753,-0.098,-2.441,-67.139,58.838
0.284,0.644,-0.001,-6.531,-64.819,58.899
0.278,0.590,0.016,-9.766,-59.143,61.890
0.269,0.572,0.023,-11.230,-51.697,68.176
0.258,0.597,0.028,-10.559,-36.865,84.839
0.219,0.712,0.027,-7.263,-29.602,90.759
0.192,0.775,0.005,-1.892,-21.423,93.811
0.165,0.810,-0.049,15.259,-5.737,92.773
0.119,0.825,-0.156,20.691,-3.601,92.224
0.105,0.845,-0.141,22.095,-6.165,93.262
0.095,0.868,-0.089,18.311,-9.460,96.558
0.087,0.893,-0.035,10.071,-6.287,97.900
0.075,0.958,0.003,1.465,-1.587,98.328
0.068,0.975,0.006,-3.052,2.625,97.351
0.061,0.976,0.020,-3.601,8.362,93.140
0.040,0.994,0.057,-2.808,12.207,91.370
0.024,1.011,0.060,-0.366,17.517,89.478
0.006,1.017,0.045,8.057,29.602,84.839
-0.012,1.014,0.021,6.653,33.691,83.313
-0.041,1.017,-0.000,0.671,36.316,82.825
-0.057,1.040,0.013,-8.057,39.063,82.825
-0.080,1.084,0.011,-25.757,51.636,81.116
-0.113,1.226,-0.074,-25.452,58.899,78.430
-0.117,1.277,-0.117,-19.409,62.988,73.303
-0.123,1.272,-0.123,-9.399,62.134,55.420
-0.143,1.198,-0.091,-14.648,64.148,47.668
-0.233,1.063,-0.128,-19.470,71.655,46.021
-0.261,1.105,-0.215,-16.907,80.444,49.500
-0.266,1.178,-0.270,-10.559,80.139,51.331
-0.256,1.213,-0.186,-11.963,75.256,45.959
-0.276,1.185,-0.115,-16.724,75.073,39.673
-0.319,1.177,-0.127,-19.653,96.802,33.508
-0.363,1.193,-0.235,-15.381,106.873,31.860
-0.402,1.225,-0.433,-15.015,107.361,29.968
-0.402,1.243,-0.426,-19.043,100.525,27.649
-0.401,1.261,-0.384,-28.809,89.294,19.287
-0.448,1.256,-0.422,-28.931,91.309,12.451
-0.453,1.202,-0.523,-38.208,90.149,4.944
-0.452,1.144,-0.469,-81.726,70.984,-3.662
-0.459,1.110,-0.376,-80.200,76.477,-6.531
-0.481,1.110,-0.487,-68.726,83.618,-10.803
-0.491,1.118,-0.528,-56.885,81.421,-16.663
-0.494,1.114,-0.507,-46.509,67.078,-30.396
-0.509,1.076,-0.544,-41.931,68.359,-36.743
-0.512,1.053,-0.642,-38.879,70.923,-42.725
-0.515,1.026,-0.693,-37.415,61.218,-52.429
-0.518,1.003,-0.703,-29.724,55.176,-55.786
-0.525,0.954,-0.711,-20.691,49.988,-58.960
-0.516,0.930,-0.698,-15.991,43.579,-61.279
-0.518,0.934,-0.663,-20.081,28.687,-61.951
-0.459,0.999,-0.616,-19.714,21.851,-66.772
-0.443,0.932,-0.572,-11.414,15.503,-74.829
-0.439,0.914,-0.550,0.916,13.550,-75.317
-0.437,0.950,-0.562,3.174,16.846,-77.087
-0.434,0.889,-0.666,6.592,17.639,-81.726
-0.424,0.854,-0.693,6.897,12.268,-84.167
-0.410,0.841,-0.675,-0.305,-7.690,-81.787
-0.369,0.852,-0.589,-2.258,-14.221,-80.261
-0.348,0.842,-0.565,-0.488,-16.479,-79.834
-0.333,0.822,-0.570,11.963,-14.465,-80.994
-0.321,0.780,-0.594,15.137,-15.503,-81.177
-0.301,0.731,-0.606,11.475,-18.921,-78.003
-0.293,0.793,-0.599,5.249,-22.766,-72.266
-0.286,0.854,-0.596,-3.052,-30.457,-69.946
-0.276,0.854,-0.597,-4.822,-34.790,-72.571
-0.264,0.826,-0.593,-5.127,-39.246,-74.036
-0.247,0.800,-0.583,-8.118,-47.485,-72.449
-0.231,0.784,-0.577,-12.085,-50.720,-69.641
-0.211,0.806,-0.572,-16.174,-53.650,-66.772
-0.199,0.823,-0.570,-17.578,-56.335,-65.247
-0.183,0.823,-0.576,-17.883,-63.110,-64.941
-0.131,0.768,-0.576,-28.809,-70.068,-63.599
-0.098,0.738,-0.537,-43.945,-79.041,-60.608
-0.066,0.721,-0.486,-48.340,-87.646,-52.917
-0.038,0.703,-0.460,-38.269,-85.632,-49.927
0.001,0.650,-0.464,-30.273,-84.106,-46.265
0.021,0.638,-0.460,-25.696,-84.290,-41.992
0.043,0.618,-0.460,-20.813,-84.595,-34.485
0.073,0.573,-0.454,-20.813,-84.534,-29.785
0.084,0.565,-0.423,-22.095,-85.083,-24.475
0.099,0.569,-0.387,-20.020,-85.876,-13.916
0.116,0.579,-0.364,-15.442,-85.632,-10.193
0.141,0.552,-0.343,-10.681,-85.693,-7.812
0.140,0.506,-0.339,-7.629,-85.388,-5.493
0.142,0.464,-0.357,-5.432,-82.886,5.859
0.159,0.454,-0.377,-7.019,-83.557,14.771
0.173,0.493,-0.333,-9.155,-85.632,23.682
0.190,0.545,-0.265,-7.446,-86.060,34.973
0.203,0.591,-0.200,-5.188,-82.703,36.926
0.209,0.650,-0.148,-0.061,-77.393,37.170
0.202,0.633,-0.176,7.996,-71.106,36.011
0.194,0.595,-0.225,16.724,-63.599,36.865
0.187,0.576,-0.250,17.029,-64.575,40.833
0.189,0.582,-0.215,16.235,-66.223,45.105
0.193,0.573,-0.170,14.709,-66.467,52.246
0.196,0.559,-0.117,13.672,-64.880,56.458
0.204,0.557,-0.023,12.207,-61.890,61.218
0.202,0.566,0.006,8.789,-57.556,66.528
0.198,0.600,0.026,6.042,-47.058,77.942
0.194,0.709,0.083,10.376,-41.260,81.238
0.179,0.751,0.077,15.991,-33.264,82.581
0.156,0.771,0.028,32.837,-14.893,82.336
0.127,0.763,-0.031,38.391,-10.681,83.069
0.064,0.751,-0.055,38.635,-10.010,86.365
0.037,0.783,-0.049,35.950,-9.644,91.736
0.015,0.830,-0.044,26.917,-9.399,101.379
-0.003,0.926,0.051,20.447,-10.742,103.943
0.002,0.972,0.127,15.076,-10.620,104.980
0.010,1.012,0.194,5.676,-1.892,101.440
0.012,1.039,0.247,0.977,6.165,97.595
-0.029,1.025,0.235,-1.831,16.479,93.750
-0.065,1.012,0.176,-1.038,26.550,91.492
-0.094,1.024,0.136,5.127,37.415,91.675
-0.108,1.111,0.132,8.057,40.283,91.431
-0.108,1.139,0.164,8.362,42.725,89.355
-0.124,1.133,0.207,-0.977,52.551,82.275
-0.159,1.125,0.214,-2.502,62.073,80.688
-0.228,1.171,0.114,-2.991,70.313,79.773
-0.255,1.200,0.068,-9.338,74.585,77.759
-0.287,1.222,0.027,-28.748,80.017,69.763
-0.350,1.282,-0.119,-30.334,84.045,65.063
-0.356,1.308,-0.167,-28.992,84.778,59.753
-0.347,1.305,-0.151,-31.311,76.172,46.204
-0.334,1.267,-0.084,-41.016,74.341,39.856
-0.374,1.208,0.031,-51.636,78.918,36.011
-0.418,1.251,-0.017,-54.138,89.783,34.058
-0.456,1.319,-0.119,-41.138,109.497,26.367
-0.485,1.394,-0.296,-37.598,111.938,18.799
-0.508,1.361,-0.393,-46.631,110.474,9.766
-0.540,1.319,-0.439,-113.098,98.450,-4.211
-0.580,1.324,-0.461,-110.474,104.553,-10.010
-0.628,1.437,-0.840,-82.825,110.901,-18.311
-0.625,1.452,-0.953,-60.181,101.685,-30.151
-0.611,1.411,-0.902,-70.068,58.228,-55.176
-0.599,1.289,-0.757,-80.200,48.584,-62.988
-0.600,1.271,-0.789,-80.811,47.119,-67.932
-0.590,1.262,-0.835,-69.458,36.926,-80.505
-0.576,1.246,-0.832,-62.195,27.283,-88.501
-0.538,1.202,-0.754,-52.612,20.264,-96.436
-0.515,1.157,-0.724,-43.762,16.113,-104.370
-0.495,1.096,-0.689,-29.846,13.000,-118.286
-0.469,0.920,-0.734,-21.606,12.451,-123.962
-0.454,0.803,-0.749,-15.564,7.202,-127.502
-0.435,0.702,-0.722,-11.902,-7.080,-123.474
-0.407,0.674,-0.712,-9.155,-11.108,-120.300
-0.323,0.584,-0.646,-2.747,-14.954,-117.859
-0.295,0.595,-0.621,2.808,-17.151,-109.863
-0.270,0.685,-0.605,-7.263,-19.043,-93.079
-0.256,0.732,-0.627,-11.658,-18.799,-93.384
-0.261,0.687,-0.694,-11.719,-18.982,-95.825
-0.263,0.621,-0.767,-10.193,-26.794,-97.595
-0.255,0.545,-0.823,-12.207,-34.973,-93.201
-0.212,0.474,-0.839,-16.235,-45.227,-85.083
-0.186,0.466,-0.812,-21.729,-55.481,-75.989
-0.164,0.440,-0.791,-29.236,-69.031,-59.082
-0.130,0.412,-0.769,-32.776,-74.585,-49.011
-0.110,0.432,-0.730,-37.781,-82.092,-38.696
-0.088,0.456,-0.649,-41.443,-97.351,-22.644
-0.067,0.476,-0.571,-37.781,-98.694,-17.151
-0.032,0.488,-0.529,-33.936,-97.290,-12.573
-0.025,0.484,-0.546,-32.593,-95.886,-7.935
-0.016,0.483,-0.570,-31.250,-97.595,2.991
0.016,0.505,-0.517,-32.227,-102.356,9.460
0.040,0.537,-0.436,-33.569,-106.873,15.503
0.064,0.566,-0.354,-33.203,-104.614,22.339
0.080,0.582,-0.301,-26.794,-98.206,24.048
0.106,0.578,-0.318,-15.686,-91.675,25.330
0.117,0.569,-0.330,-3.662,-87.524,26.978
0.122,0.567,-0.321,12.878,-82.520,32.654
0.118,0.565,-0.280,19.470,-79.346,35.889
0.116,0.581,-0.267,24.658,-76.294,39.856
0.116,0.612,-0.252,29.175,-72.571,48.401
0.120,0.644,-0.223,28.687,-71.045,51.941
0.138,0.688,-0.141,26.978,-68.604,54.993
0.145,0.701,-0.104,26.062,-65.308,57.556
0.147,0.697,-0.072,31.677,-57.739,60.486
0.147,0.653,-0.008,33.264,-54.382,62.561
0.151,0.651,0.028,32.227,-50.964,66.345
0.152,0.661,0.062,28.320,-41.870,75.500
0.148,0.679,0.085,25.696,-35.889,80.017
0.120,0.740,0.081,23.499,-29.602,84.045
0.106,0.779,0.054,23.315,-23.254,86.914
0.097,0.818,0.030,22.644,-12.939,88.379
0.085,0.912,0.061,22.766,-8.179,87.585
0.076,0.937,0.063,26.489,-1.404,85.205
0.063,0.938,0.041,34.119,11.353,79.163
0.046,0.922,0.020,31.494,14.099,77.942
0.004,0.876,0.007,23.254,15.625,78.308
-0.019,0.861,-0.004,12.451,17.456,80.017
-0.036,0.863,-0.028,1.404,23.376,85.022
-0.046,0.930,-0.029,2.808,25.940,86.853
-0.048,0.965,-0.011,7.324,29.175,87.280
-0.050,0.978,0.008,19.043,36.804,84.229
-0.061,0.966,0.041,16.663,39.612,82.886
-0.113,0.942,0.100,7.568,43.579,83.374
-0.146,0.975,0.093,-2.197,49.377,85.449
-0.182,1.032,0.084,-11.841,61.523,87.280
-0.243,1.166,0.056,-11.292,67.505,85.510
-0.249,1.226,0.048,-9.949,71.838,81.787
-0.248,1.271,0.078,-21.606,74.402,69.824
-0.295,1.297,0.136,-30.579,79.407,62.439
-0.342,1.274,0.077,-36.011,88.806,55.298
-0.386,1.271,-0.029,-39.246,98.267,50.232
-0.414,1.292,-0.130,-45.898,101.501,42.542
-0.418,1.320,-0.141,-49.927,96.313,36.560
-0.426,1.312,-0.061,-56.335,92.285,29.358
-0.453,1.293,-0.004,-70.313,102.539,15.381
-0.544,1.252,-0.145,-68.787,114.502,9.644
-0.579,1.233,-0.315,-69.519,121.582,4.456
-0.598,1.233,-0.366,-110.596,108.459,-4.395
-0.615,1.257,-0.357,-115.417,108.276,-11.108
-0.667,1.307,-0.529,-104.980,111.755,-20.752
-0.690,1.283,-0.650,-86.975,111.877,-32.715
-0.708,1.228,-0.751,-63.538,101.074,-51.392
-0.738,1.179,-0.934,-65.735,93.811,-54.687
-0.743,1.191,-0.993,-70.801,84.290,-57.312
-0.738,1.195,-1.012,-66.895,59.875,-67.627
-0.728,1.201,-1.001,-60.486,48.706,-74.524
-0.701,1.176,-0.978,-52.795,39.856,-82.703
-0.688,1.125,-0.993,-42.969,32.593,-91.370
-0.681,1.065,-0.987,-32.898,9.705,-104.919
-0.610,0.954,-0.847,-30.396,-2.869,-112.610
-0.584,0.808,-0.766,-18.982,-9.827,-119.934
-0.559,0.767,-0.753,0.488,-12.878,-110.168
-0.532,0.823,-0.740,0.732,-16.235,-106.812
-0.499,0.826,-0.698,2.991,-18.188,-108.276
-0.482,0.800,-0.712,5.493,-19.165,-110.107
-0.464,0.775,-0.726,5.371,-25.696,-110.229
-0.430,0.705,-0.716,2.258,-31.250,-109.680
-0.408,0.651,-0.683,-4.150,-37.781,-108.093
-0.390,0.632,-0.633,-26.550,-48.950,-96.924
-0.376,0.663,-0.591,-35.156,-50.354,-90.820
-0.372,0.760,-0.629,-38.391,-50.354,-86.975
-0.372,0.759,-0.687,-37.537,-51.758,-85.327
-0.354,0.732,-0.740,-44.373,-67.078,-81.421
-0.286,0.685,-0.645,-56.641,-78.552,-77.942
-0.252,0.665,-0.589,-67.322,-85.327,-74.768
-0.223,0.651,-0.578,-72.632,-87.891,-70.801
-0.191,0.620,-0.584,-69.946,-89.661,-70.129
-0.128,0.513,-0.584,-66.223,-91.614,-68.359
-0.102,0.457,-0.597,-60.303,-92.590,-64.941
-0.072,0.403,-0.610,-51.514,-96.924,-52.673
-0.013,0.332,-0.562,-53.833,-101.135,-43.579
0.020,0.313,-0.530,-55.237,-103.394,-34.851
0.051,0.273,-0.526,-47.058,-102.478,-19.958
0.071,0.244,-0.536,-40.588,-102.844,-10.986
0.098,0.258,-0.573,-30.396,-103.149,-2.808
0.117,0.252,-0.583,-17.944,-104.431,3.479
0.137,0.248,-0.548,-1.221,-111.023,16.724
0.181,0.282,-0.450,2.808,-111.755,23.376
0.207,0.303,-0.400,5.188,-111.572,29.114
0.230,0.329,-0.324,1.160,-109.741,39.307
0.248,0.363,-0.259,1.282,-103.821,43.030
0.251,0.361,-0.245,4.150,-96.802,45.471
0.234,0.317,-0.246,4.700,-91.553,48.584
0.218,0.296,-0.261,2.563,-82.947,64.209
0.213,0.374,-0.260,2.319,-81.238,74.097
0.214,0.450,-0.225,3.357,-80.200,82.397
0.214,0.520,-0.187,11.047,-74.585,90.149
0.217,0.570,-0.154,14.282,-70.618,90.637
0.224,0.582,-0.098,16.663,-66.772,90.576
0.223,0.572,-0.063,19.653,-63.049,91.675
0.218,0.578,-0.023,20.752,-53.833,99.670
0.190,0.667,0.034,17.090,-46.997,104.736
0.168,0.726,0.031,14.343,-38.696,108.337
0.144,0.760,0.018,14.587,-23.071,107.910
0.118,0.757,-0.004,17.456,-16.357,106.750
0.064,0.744,-0.053,19.714,-10.925,107.971
0.039,0.780,-0.062,20.386,-6.897,111.450
0.018,0.833,-0.062,21.423,-1.099,118.469
-0.017,0.937,-0.042,22.583,1.526,120.239
-0.031,0.985,-0.026,23.071,4.089,120.728
-0.051,1.034,0.013,14.771,9.033,118.530
-0.081,1.080,0.057,9.766,14.038,115.417
-0.139,1.097,0.082,7.690,19.653,110.901
-0.163,1.066,0.078,7.324,24.353,106.628
-0.174,1.041,0.079,6.958,31.250,103.577
-0.177,1.081,0.127,1.526,33.936,104.553
-0.183,1.139,0.190,-9.155,37.048,105.408
-0.198,1.188,0.243,-24.109,51.392,99.243
-0.226,1.193,0.271,-25.940,62.256,92.407
-0.318,1.155,0.164,-22.461,75.745,86.243
-0.354,1.168,0.030,-13.672,88.623,81.970
-0.376,1.207,-0.084,-7.874,99.121,75.989
-0.386,1.250,-0.147,-16.846,97.229,71.228
-0.388,1.235,-0.061,-31.555,92.834,64.941
-0.408,1.236,0.042,-53.223,98.022,51.880
-0.451,1.260,0.038,-43.335,112.488,44.434
-0.542,1.267,-0.266,-28.015,125.488,36.621
-0.570,1.264,-0.388,-20.386,131.104,30.334
-0.587,1.285,-0.450,-32.898,126.648,21.851
-0.610,1.378,-0.465,-41.931,122.253,16.113
-0.623,1.406,-0.451,-45.898,118.835,7.812
-0.635,1.392,-0.444,-38.452,117.737,-14.648
-0.643,1.344,-0.450,-34.180,118.530,-25.146
-0.667,1.231,-0.516,-34.790,119.751,-33.508
-0.669,1.183,-0.570,-50.659,116.516,-39.368
-0.682,1.155,-0.502,-99.182,105.164,-47.180
-0.708,1.132,-0.768,-93.140,112.488,-52.429
-0.694,1.148,-0.848,-80.017,106.140,-57.861
-0.674,1.151,-0.743,-74.768,72.510,-72.021
-0.656,1.120,-0.640,-80.444,69.824,-79.407
-0.651,1.015,-0.693,-85.327,71.045,-84.656
-0.646,0.961,-0.748,-85.327,68.970,-88.623
-0.631,0.895,-0.766,-72.021,54.749,-94.177
-0.588,0.869,-0.776,-65.735,48.462,-93.994
-0.571,0.880,-0.815,-61.035,43.640,-94.421
-0.553,0.877,-0.854,-55.969,30.518,-99.609
-0.537,0.873,-0.868,-55.481,21.423,-103.088
-0.511,0.828,-0.806,-53.284,13.367,-106.995
-0.506,0.748,-0.815,-46.326,8.423,-110.840
-0.497,0.634,-0.839,-33.142,-2.197,-110.535
-0.439,0.542,-0.815,-32.593,-9.460,-103.516
-0.402,0.600,-0.780,-34.424,-15.747,-94.604
-0.378,0.661,-0.771,-26.428,-24.963,-85.876
-0.352,0.698,-0.763,-22.644,-29.724,-86.426
-0.333,0.727,-0.777,-19.714,-29.419,-89.111
-0.355,0.639,-0.909,-13.855,-25.757,-92.957
-0.366,0.532,-1.007,-14.160,-42.236,-86.426
-0.320,0.471,-0.913,-22.827,-57.312,-75.500
-0.287,0.487,-0.831,-31.433,-68.176,-65.063
-0.248,0.441,-0.725,-21.423,-76.538,-50.842
-0.231,0.456,-0.679,-11.353,-75.989,-39.917
-0.202,0.625,-0.625,-3.052,-77.881,-35.645
-0.201,0.593,-0.599,3.967,-79.346,-36.560
-0.196,0.552,-0.607,4.150,-78.552,-33.081
-0.169,0.481,-0.629,-0.305,-81.848,-27.893
-0.139,0.483,-0.565,-6.104,-88.379,-21.057
-0.104,0.469,-0.481,-10.925,-95.215,-10.010
-0.078,0.453,-0.417,-12.390,-93.384,-3.723
-0.062,0.495,-0.372,-13.550,-89.233,1.099
-0.059,0.481,-0.412,-11.780,-83.984,3.845
-0.051,0.466,-0.444,-11.353,-82.153,12.634
-0.015,0.494,-0.406,-12.451,-83.740,17.944
0.009,0.504,-0.373,-10.925,-84.229,21.545
0.031,0.501,-0.344,0.671,-81.177,26.672
0.048,0.481,-0.324,7.568,-78.003,30.212
0.054,0.416,-0.341,14.709,-74.097,35.156
0.055,0.394,-0.346,22.278,-71.533,41.565
0.065,0.394,-0.312,36.316,-71.899,57.678
0.104,0.471,-0.202,40.649,-70.862,65.857
0.127,0.558,-0.134,40.466,-68.481,72.937
0.149,0.647,-0.060,33.875,-58.411,78.003
0.162,0.690,-0.012,33.875,-49.622,76.172
0.134,0.603,-0.040,36.865,-40.405,75.134
0.108,0.549,-0.068,41.199,-33.203,77.942
0.086,0.543,-0.070,48.035,-26.123,93.933
0.073,0.692,0.035,47.485,-23.560,102.600
0.064,0.819,0.100,43.030,-18.127,109.009
0.039,0.914,0.096,38.818,5.615,107.849
-0.003,0.918,0.018,43.213,15.869,103.088
-0.101,0.754,-0.169,45.898,20.203,102.295
-0.134,0.710,-0.198,44.861,19.043,107.361
-0.146,0.747,-0.153,37.170,9.888,126.587
-0.141,1.011,0.094,32.532,9.766,132.996
-0.149,1.142,0.164,29.358,16.907,133.301
-0.176,1.204,0.147,32.104,41.870,117.554
-0.215,1.190,0.075,30.945,49.438,108.887
-0.278,1.130,-0.008,22.217,51.270,103.882
-0.296,1.158,0.034,9.583,49.866,101.868
-0.310,1.212,0.103,-7.446,53.833,95.886
-0.335,1.320,0.142,-10.193,62.012,89.050
-0.350,1.366,0.105,-11.108,71.716,79.834
-0.375,1.402,0.058,-17.212,89.355,57.190
-0.410,1.419,-0.017,-22.278,95.825,46.021
-0.472,1.437,-0.146,-34.668,96.252,36.133
-0.497,1.379,-0.151,-48.584,94.849,25.085
-0.515,1.295,-0.190,-61.035,97.046,7.874
-0.558,1.283,-0.211,-64.209,97.046,2.747
-0.589,1.298,-0.266,-62.134,100.342,-4.333
-0.619,1.304,-0.355,-50.781,105.530,-21.301
-0.639,1.306,-0.433,-51.697,102.051,-29.480
-0.663,1.301,-0.513,-57.312,97.229,-37.537
-0.675,1.307,-0.562,-63.293,93.384,-45.532
-0.686,1.321,-0.616,-62.500,84.656,-64.026
-0.712,1.260,-0.689,-55.969,78.857,-75.012
-0.718,1.198,-0.724,-48.889,72.693,-84.534
-0.710,1.158,-0.732,-43.152,54.749,-95.398
-0.687,1.149,-0.691,-42.786,45.654,-99.976
-0.629,1.135,-0.546,-40.649,40.955,-106.018
-0.610,1.106,-0.538,-34.546,41.138,-113.220
-0.601,1.070,-0.578,-13.794,44.922,-127.075
-0.598,0.977,-0.719,-2.441,44.128,-132.324
-0.591,0.935,-0.764,5.615,39.612,-135.620
-0.574,0.904,-0.771,8.240,22.522,-137.756
-0.562,0.877,-0.746,10.803,14.709,-138.184
-0.495,0.794,-0.701,9.827,7.996,-138.428
-0.448,0.716,-0.615,5.859,1.831,-139.954
-0.437,0.663,-0.542,36.804,7.263,-124.878
-0.408,0.919,-0.591,51.270,13.062,-114.624
-0.409,0.960,-0.619,58.838,14.282,-114.075
-0.411,0.942,-0.660,48.584,12.207,-116.943
-0.395,0.907,-0.838,38.452,7.812,-115.173
-0.377,0.875,-0.901,27.344,-2.808,-113.770
-0.355,0.829,-0.926,12.878,-18.799,-112.061
-0.330,0.793,-0.903,-33.020,-57.312,-102.234
-0.275,0.784,-0.752,-54.260,-75.195,-96.313
-0.241,0.774,-0.636,-70.679,-91.187,-92.407
-0.205,0.739,-0.519,-90.881,-109.070,-87.158
-0.141,0.660,-0.434,-91.736,-109.070,-82.275
-0.116,0.632,-0.443,-83.130,-107.056,-76.660
-0.094,0.586,-0.492,-67.200,-104.187,-71.899
-0.085,0.538,-0.575,-50.293,-105.041,-58.105
-0.057,0.554,-0.624,-54.382,-113.953,-49.133
-0.014,0.570,-0.545,-61.218,-125.183,-42.847
0.037,0.587,-0.426,-60.120,-138.184,-35.400
0.103,0.536,-0.229,-50.781,-135.864,-34.485
0.107,0.429,-0.215,-41.626,-128.418,-34.180
0.105,0.318,-0.274,-37.109,-113.647,-20.813
0.104,0.253,-0.360,-43.945,-115.234,-6.348
0.115,0.289,-0.370,-53.589,-122.070,9.521
0.131,0.348,-0.272,-63.721,-129.272,23.621
0.153,0.415,-0.153,-71.533,-130.310,41.138
0.192,0.489,-0.004,-60.547,-123.535,43.884
0.194,0.441,0.000,-48.157,-114.258,44.006
0.183,0.371,-0.054,-43.457,-95.764,52.307
0.163,0.328,-0.150,-48.401,-91.797,62.805
0.145,0.394,-0.248,-53.528,-93.445,74.707
0.157,0.467,-0.167,-54.443,-98.450,85.083
0.178,0.520,-0.021,-35.828,-100.037,93.933
0.222,0.505,0.210,-16.418,-91.675,93.933
0.232,0.437,0.227,1.709,-80.078,93.994
0.231,0.375,0.219,12.695,-60.791,106.140
0.224,0.376,0.234,6.836,-52.979,118.591
0.204,0.619,0.308,-1.038,-43.579,130.493
0.189,0.748,0.301,-4.883,-31.738,137.268
0.164,0.800,0.251,-5.676,-7.690,136.536
0.120,0.833,0.165,-9.399,0.366,136.414
0.100,0.887,0.160,-12.939,6.409,137.329
0.072,0.949,0.155,-8.118,19.531,134.888
0.039,0.998,0.122,-1.343,26.428,131.470
-0.021,1.050,0.033,4.517,30.579,128.052
-0.037,1.064,0.047,7.080,31.494,125.061
-0.051,1.069,0.100,1.282,33.691,120.178
-0.094,1.080,0.181,-3.479,39.551,118.530
-0.118,1.105,0.163,-7.263,48.218,117.310
-0.142,1.133,0.110,-10.803,66.711,112.854
-0.163,1.147,0.047,-11.230,73.608,108.704
-0.214,1.120,-0.056,-11.658,78.918,104.248
-0.240,1.107,-0.085,-12.268,82.458,100.586
-0.269,1.102,-0.091,-17.517,87.830,95.642
-0.321,1.147,-0.121,-20.935,91.675,93.994
-0.341,1.178,-0.124,-25.452,94.421,91.919
-0.359,1.219,-0.124,-33.630,99.121,85.449
-0.374,1.274,-0.124,-37.842,101.807,79.590
-0.449,1.346,-0.130,-42.236,106.628,70.984
-0.508,1.343,-0.216,-44.128,115.051,60.730
-0.564,1.332,-0.339,-41.138,128.601,42.603
-0.614,1.321,-0.506,-40.405,127.991,36.011
-0.606,1.340,-0.473,-43.213,122.131,30.457
-0.607,1.375,-0.350,-60.059,111.389,16.968
-0.636,1.394,-0.215,-63.049,116.943,7.446
-0.731,1.405,-0.195,-55.786,128.601,-2.502
-0.770,1.387,-0.306,-43.274,140.442,-12.512
-0.778,1.367,-0.374,-55.420,141.907,-27.771
-0.830,1.381,-0.502,-70.618,145.081,-35.034
-0.865,1.374,-0.771,-74.646,151.367,-44.983
-0.884,1.347,-0.955,-62.683,124.207,-66.895
-0.879,1.312,-0.992,-62.378,101.257,-75.867
-0.835,1.207,-0.851,-70.190,81.970,-82.886
-0.805,1.206,-0.787,-79.102,68.176,-87.646
-0.775,1.209,-0.734,-77.637,50.659,-103.394
-0.728,1.046,-0.599,-70.190,45.166,-114.502
-0.708,0.944,-0.550,-59.998,42.969,-122.925
-0.686,0.886,-0.531,-35.645,45.776,-128.296
-0.667,0.876,-0.540,-27.100,48.035,-128.723
-0.657,0.915,-0.644,-20.142,49.561,-129.822
-0.670,0.917,-0.738,-11.719,49.622,-132.446
-0.669,0.911,-0.855,-2.625,35.217,-139.099
-0.607,0.764,-0.856,-6.714,19.470,-142.395
-0.572,0.738,-0.826,-14.587,5.554,-139.343
-0.526,0.775,-0.779,-36.987,-17.334,-127.808
-0.482,0.775,-0.717,-51.819,-23.437,-125.732
-0.425,0.773,-0.715,-65.796,-25.757,-123.474
-0.401,0.761,-0.778,-72.205,-27.649,-122.864
-0.365,0.700,-0.823,-63.110,-38.147,-127.014
-0.282,0.527,-0.887,-61.157,-44.678,-123.962
-0.251,0.483,-0.917,-67.078,-52.490,-116.333
-0.227,0.419,-0.933,-82.336,-72.144,-99.121
-0.204,0.341,-0.933,-86.426,-83.557,-87.402
-0.150,0.299,-0.818,-86.792,-94.116,-73.853
-0.134,0.347,-0.739,-83.252,-101.013,-60.486
-0.123,0.431,-0.694,-65.308,-103.027,-46.143
-0.076,0.428,-0.685,-51.453,-103.455,-48.035
-0.052,0.357,-0.663,-38.025,-104.553,-49.316
-0.054,0.321,-0.652,-15.686,-102.661,-38.696
-0.061,0.324,-0.649,-6.897,-102.356,-33.447
-0.061,0.252,-0.609,0.916,-102.966,-30.212
-0.033,0.186,-0.591,5.432,-103.455,-26.428
0.003,0.142,-0.548,-5.737,-111.145,-0.183
0.047,0.430,-0.325,-18.372,-114.746,22.034
0.032,0.609,-0.272,-23.499,-110.901,34.607
0.010,0.643,-0.288,4.578,-90.027,20.569
-0.012,0.554,-0.353,28.564,-81.787,12.756
-0.045,0.371,-0.530,44.739,-80.017,13.428
-0.042,0.383,-0.538,47.668,-85.205,20.996
-0.024,0.443,-0.474,34.241,-100.525,38.208
0.018,0.526,-0.327,29.602,-103.271,41.992
0.029,0.507,-0.298,27.527,-103.210,43.274
0.033,0.484,-0.294,22.949,-101.318,49.561
0.043,0.495,-0.298,18.188,-103.149,54.932
0.083,0.548,-0.183,14.038,-105.896,59.875
0.104,0.574,-0.119,11.780,-105.225,64.453
0.124,0.608,-0.096,11.719,-94.482,72.937
0.138,0.629,-0.113,13.550,-89.722,75.684
0.133,0.589,-0.110,13.855,-86.792,77.515
0.126,0.547,-0.084,7.629,-83.191,88.318
0.127,0.562,-0.036,6.409,-80.261,98.633
0.159,0.774,0.103,8.057,-75.989,106.934
0.171,0.845,0.154,13.916,-69.153,109.192
0.171,0.822,0.164,24.902,-51.331,101.562
0.146,0.622,0.143,23.010,-44.800,101.379
0.137,0.591,0.153,17.883,-40.283,107.849
0.133,0.663,0.212,2.563,-32.593,131.836
0.128,0.820,0.315,-2.563,-24.292,139.893
0.103,1.208,0.465,-1.587,-11.108,139.954
0.073,1.298,0.463,3.845,5.127,130.615
0.039,1.277,0.391,15.259,36.194,101.135
-0.031,1.155,0.202,13.733,45.227,92.041
-0.063,1.158,0.132,8.728,50.659,88.440
-0.078,1.203,0.102,-5.615,53.284,85.937
Collected 750/750 Samples.
Data dump complete. Waiting for next motion...

